Channel Property File - California Gulch 30m
CHANLINKS	25
1	149
2.0000	0.0000	1.0000	0.1800	1.0000	0.0000
2.0000	0.0000	1.0000	0.1800	1.0000	0.0000
2.0000	0.0000	1.0000	0.1800	1.0000	0.0000
2.0000	0.0000	1.0000	0.1800	1.0000	0.0000
2.0000	0.0000	1.0000	0.1800	1.0000	0.0000
2.0000	0.0000	1.0000	0.1800	1.0000	0.0000
2.0000	0.0000	1.0000	0.1800	1.0000	0.0000
2.0000	0.0000	1.0000	0.1800	1.0000	0.0000
2.0000	0.0000	1.0000	0.1800	1.0000	0.0000
2.0000	0.0000	1.0000	0.1800	1.0000	0.0000
2.0000	0.0000	1.0000	0.1800	1.0000	0.0000
2.0000	0.0000	1.0000	0.1800	1.0000	0.0000
2.0000	0.0000	1.0000	0.1800	1.0000	0.0000
2.0000	0.0000	1.0000	0.1800	1.0000	0.0000
2.0000	0.0000	1.0000	0.1800	1.0000	0.0000
2.0000	0.0000	1.0000	0.1800	1.0000	0.0000
2.0000	0.0000	1.0000	0.1800	1.0000	0.0000
2.0000	0.0000	1.0000	0.1800	1.0000	0.0000
2.0000	0.0000	1.0000	0.1800	1.0000	0.0000
2.0000	0.0000	1.0000	0.1800	1.0000	0.0000
2.0000	0.0000	1.0000	0.1800	1.0000	0.0000
2.0000	0.0000	1.0000	0.1800	1.0000	0.0000
2.0000	0.0000	1.0000	0.1800	1.0000	0.0000
2.0000	0.0000	1.0000	0.1800	1.0000	0.0000
2.0000	0.0000	1.0000	0.1800	1.0000	0.0000
2.0000	0.0000	1.0000	0.1800	1.0000	0.0000
2.0000	0.0000	1.0000	0.1800	1.0000	0.0000
2.0000	0.0000	1.0000	0.1800	1.0000	0.0000
2.0000	0.0000	1.0000	0.1800	1.0000	0.0000
2.0000	0.0000	1.0000	0.1800	1.0000	0.0000
2.0000	0.0000	1.0000	0.1800	1.0000	0.0000
2.0000	0.0000	1.0000	0.1800	1.0000	0.0000
2.0000	0.0000	1.0000	0.1800	1.0000	0.0000
2.0000	0.0000	1.0000	0.1800	1.0000	0.0000
2.0000	0.0000	1.0000	0.1800	1.0000	0.0000
2.0000	0.0000	1.0000	0.1800	1.0000	0.0000
2.0000	0.0000	1.0000	0.1800	1.0000	0.0000
2.0000	0.0000	1.0000	0.1800	1.0000	0.0000
2.0000	0.0000	1.0000	0.1800	1.0000	0.0000
2.0000	0.0000	1.0000	0.1800	1.0000	0.0000
2.0000	0.0000	1.0000	0.1800	1.0000	0.0000
2.0000	0.0000	1.0000	0.1800	1.0000	0.0000
2.0000	0.0000	1.0000	0.1800	1.0000	0.0000
2.0000	0.0000	1.0000	0.1800	1.0000	0.0000
2.0000	0.0000	1.0000	0.1800	1.0000	0.0000
2.0000	0.0000	1.0000	0.1800	1.0000	0.0000
2.0000	0.0000	1.0000	0.1800	1.0000	0.0000
2.0000	0.0000	1.0000	0.1800	1.0000	0.0000
2.0000	0.0000	1.0000	0.1800	1.0000	0.0000
2.0000	0.0000	1.0000	0.1800	1.0000	0.0000
2.0000	0.0000	1.0000	0.1800	1.0000	0.0000
2.0000	0.0000	1.0000	0.1800	1.0000	0.0000
2.0000	0.0000	1.0000	0.1800	1.0000	0.0000
2.0000	0.0000	1.0000	0.1800	1.0000	0.0000
2.0000	0.0000	1.0000	0.1800	1.0000	0.0000
2.0000	0.0000	1.0000	0.1800	1.0000	0.0000
2.0000	0.0000	1.0000	0.1800	1.0000	0.0000
2.0000	0.0000	1.0000	0.1800	1.0000	0.0000
2.0000	0.0000	1.0000	0.1800	1.0000	0.0000
2.0000	0.0000	1.0000	0.1800	1.0000	0.0000
2.0000	0.0000	1.0000	0.1800	1.0000	0.0000
2.0000	0.0000	1.0000	0.1800	1.0000	0.0000
2.0000	0.0000	1.0000	0.1800	1.0000	0.0000
2.0000	0.0000	1.0000	0.1800	1.0000	0.0000
2.0000	0.0000	1.0000	0.1800	1.0000	0.0000
2.0000	0.0000	1.0000	0.1800	1.0000	0.0000
2.0000	0.0000	1.0000	0.1800	1.0000	0.0000
2.0000	0.0000	1.0000	0.1800	1.0000	0.0000
2.0000	0.0000	1.0000	0.1800	1.0000	0.0000
2.0000	0.0000	1.0000	0.1800	1.0000	0.0000
2.0000	0.0000	1.0000	0.1800	1.0000	0.0000
2.0000	0.0000	1.0000	0.1800	1.0000	0.0000
2.0000	0.0000	1.0000	0.1800	1.0000	0.0000
2.0000	0.0000	1.0000	0.1800	1.0000	0.0000
2.0000	0.0000	1.0000	0.1800	1.0000	0.0000
2.0000	0.0000	1.0000	0.1800	1.0000	0.0000
2.0000	0.0000	1.0000	0.1800	1.0000	0.0000
2.0000	0.0000	1.0000	0.1800	1.0000	0.0000
2.0000	0.0000	1.0000	0.1800	1.0000	0.0000
2.0000	0.0000	1.0000	0.1800	1.0000	0.0000
2.0000	0.0000	1.0000	0.1800	1.0000	0.0000
2.0000	0.0000	1.0000	0.1800	1.0000	0.0000
2.0000	0.0000	1.0000	0.1800	1.0000	0.0000
2.0000	0.0000	1.0000	0.1800	1.0000	0.0000
2.0000	0.0000	1.0000	0.1800	1.0000	0.0000
2.0000	0.0000	1.0000	0.1800	1.0000	0.0000
2.0000	0.0000	1.0000	0.1800	1.0000	0.0000
2.0000	0.0000	1.0000	0.1800	1.0000	0.0000
2.0000	0.0000	1.0000	0.1800	1.0000	0.0000
2.0000	0.0000	1.0000	0.1800	1.0000	0.0000
2.0000	0.0000	1.0000	0.1800	1.0000	0.0000
2.0000	0.0000	1.0000	0.1800	1.0000	0.0000
2.0000	0.0000	1.0000	0.1800	1.0000	0.0000
2.0000	0.0000	1.0000	0.1800	1.0000	0.0000
2.0000	0.0000	1.0000	0.1800	1.0000	0.0000
2.0000	0.0000	1.0000	0.1800	1.0000	0.0000
2.0000	0.0000	1.0000	0.1800	1.0000	0.0000
2.0000	0.0000	1.0000	0.1800	1.0000	0.0000
2.0000	0.0000	1.0000	0.1800	1.0000	0.0000
2.0000	0.0000	1.0000	0.1800	1.0000	0.0000
2.0000	0.0000	1.0000	0.1800	1.0000	0.0000
2.0000	0.0000	1.0000	0.1800	1.0000	0.0000
2.0000	0.0000	1.0000	0.1800	1.0000	0.0000
2.0000	0.0000	1.0000	0.1800	1.0000	0.0000
2.0000	0.0000	1.0000	0.1800	1.0000	0.0000
2.0000	0.0000	1.0000	0.1800	1.0000	0.0000
2.0000	0.0000	1.0000	0.1800	1.0000	0.0000
2.0000	0.0000	1.0000	0.1800	1.0000	0.0000
2.0000	0.0000	1.0000	0.1800	1.0000	0.0000
2.0000	0.0000	1.0000	0.1800	1.0000	0.0000
2.0000	0.0000	1.0000	0.1800	1.0000	0.0000
2.0000	0.0000	1.0000	0.1800	1.0000	0.0000
2.0000	0.0000	1.0000	0.1800	1.0000	0.0000
2.0000	0.0000	1.0000	0.1800	1.0000	0.0000
2.0000	0.0000	1.0000	0.1800	1.0000	0.0000
2.0000	0.0000	1.0000	0.1800	1.0000	0.0000
2.0000	0.0000	1.0000	0.1800	1.0000	0.0000
2.0000	0.0000	1.0000	0.1800	1.0000	0.0000
2.0000	0.0000	1.0000	0.1800	1.0000	0.0000
2.0000	0.0000	1.0000	0.1800	1.0000	0.0000
2.0000	0.0000	1.0000	0.1800	1.0000	0.0000
2.0000	0.0000	1.0000	0.1800	1.0000	0.0000
2.0000	0.0000	1.0000	0.1800	1.0000	0.0000
2.0000	0.0000	1.0000	0.1800	1.0000	0.0000
2.0000	0.0000	1.0000	0.1800	1.0000	0.0000
2.0000	0.0000	1.0000	0.1800	1.0000	0.0000
2.0000	0.0000	1.0000	0.1800	1.0000	0.0000
2.0000	0.0000	1.0000	0.1800	1.0000	0.0000
2.0000	0.0000	1.0000	0.1800	1.0000	0.0000
2.0000	0.0000	1.0000	0.1800	1.0000	0.0000
2.0000	0.0000	1.0000	0.1800	1.0000	0.0000
2.0000	0.0000	1.0000	0.1800	1.0000	0.0000
2.0000	0.0000	1.0000	0.1800	1.0000	0.0000
2.0000	0.0000	1.0000	0.1800	1.0000	0.0000
2.0000	0.0000	1.0000	0.1800	1.0000	0.0000
2.0000	0.0000	1.0000	0.1800	1.0000	0.0000
2.0000	0.0000	1.0000	0.1800	1.0000	0.0000
2.0000	0.0000	1.0000	0.1800	1.0000	0.0000
2.0000	0.0000	1.0000	0.1800	1.0000	0.0000
2.0000	0.0000	1.0000	0.1800	1.0000	0.0000
2.0000	0.0000	1.0000	0.1800	1.0000	0.0000
2.0000	0.0000	1.0000	0.1800	1.0000	0.0000
2.0000	0.0000	1.0000	0.1800	1.0000	0.0000
2.0000	0.0000	1.0000	0.1800	1.0000	0.0000
2.0000	0.0000	1.0000	0.1800	1.0000	0.0000
2.0000	0.0000	1.0000	0.1800	1.0000	0.0000
2.0000	0.0000	1.0000	0.1800	1.0000	0.0000
2.0000	0.0000	1.0000	0.1800	1.0000	0.0000
2.0000	0.0000	1.0000	0.1800	1.0000	0.0000
2	43
2.0000	0.0000	1.0000	0.1800	1.0000	0.0000
2.0000	0.0000	1.0000	0.1800	1.0000	0.0000
2.0000	0.0000	1.0000	0.1800	1.0000	0.0000
2.0000	0.0000	1.0000	0.1800	1.0000	0.0000
2.0000	0.0000	1.0000	0.1800	1.0000	0.0000
2.0000	0.0000	1.0000	0.1800	1.0000	0.0000
2.0000	0.0000	1.0000	0.1800	1.0000	0.0000
2.0000	0.0000	1.0000	0.1800	1.0000	0.0000
2.0000	0.0000	1.0000	0.1800	1.0000	0.0000
2.0000	0.0000	1.0000	0.1800	1.0000	0.0000
2.0000	0.0000	1.0000	0.1800	1.0000	0.0000
2.0000	0.0000	1.0000	0.1800	1.0000	0.0000
2.0000	0.0000	1.0000	0.1800	1.0000	0.0000
2.0000	0.0000	1.0000	0.1800	1.0000	0.0000
2.0000	0.0000	1.0000	0.1800	1.0000	0.0000
2.0000	0.0000	1.0000	0.1800	1.0000	0.0000
2.0000	0.0000	1.0000	0.1800	1.0000	0.0000
2.0000	0.0000	1.0000	0.1800	1.0000	0.0000
2.0000	0.0000	1.0000	0.1800	1.0000	0.0000
2.0000	0.0000	1.0000	0.1800	1.0000	0.0000
2.0000	0.0000	1.0000	0.1800	1.0000	0.0000
2.0000	0.0000	1.0000	0.1800	1.0000	0.0000
2.0000	0.0000	1.0000	0.1800	1.0000	0.0000
2.0000	0.0000	1.0000	0.1800	1.0000	0.0000
2.0000	0.0000	1.0000	0.1800	1.0000	0.0000
2.0000	0.0000	1.0000	0.1800	1.0000	0.0000
2.0000	0.0000	1.0000	0.1800	1.0000	0.0000
2.0000	0.0000	1.0000	0.1800	1.0000	0.0000
2.0000	0.0000	1.0000	0.1800	1.0000	0.0000
2.0000	0.0000	1.0000	0.1800	1.0000	0.0000
2.0000	0.0000	1.0000	0.1800	1.0000	0.0000
2.0000	0.0000	1.0000	0.1800	1.0000	0.0000
2.0000	0.0000	1.0000	0.1800	1.0000	0.0000
2.0000	0.0000	1.0000	0.1800	1.0000	0.0000
2.0000	0.0000	1.0000	0.1800	1.0000	0.0000
2.0000	0.0000	1.0000	0.1800	1.0000	0.0000
2.0000	0.0000	1.0000	0.1800	1.0000	0.0000
2.0000	0.0000	1.0000	0.1800	1.0000	0.0000
2.0000	0.0000	1.0000	0.1800	1.0000	0.0000
2.0000	0.0000	1.0000	0.1800	1.0000	0.0000
2.0000	0.0000	1.0000	0.1800	1.0000	0.0000
2.0000	0.0000	1.0000	0.1800	1.0000	0.0000
2.0000	0.0000	1.0000	0.1800	1.0000	0.0000
3	29
2.0000	0.0000	1.0000	0.0800	1.0000	0.0000
2.0000	0.0000	1.0000	0.0800	1.0000	0.0000
2.0000	0.0000	1.0000	0.0800	1.0000	0.0000
2.0000	0.0000	1.0000	0.0800	1.0000	0.0000
2.0000	0.0000	1.0000	0.0800	1.0000	0.0000
2.0000	0.0000	1.0000	0.0800	1.0000	0.0000
2.0000	0.0000	1.0000	0.0800	1.0000	0.0000
2.0000	0.0000	1.0000	0.0800	1.0000	0.0000
2.0000	0.0000	1.0000	0.0800	1.0000	0.0000
2.0000	0.0000	1.0000	0.0800	1.0000	0.0000
2.0000	0.0000	1.0000	0.0800	1.0000	0.0000
2.0000	0.0000	1.0000	0.0800	1.0000	0.0000
2.0000	0.0000	1.0000	0.0800	1.0000	0.0000
2.0000	0.0000	1.0000	0.0800	1.0000	0.0000
2.0000	0.0000	1.0000	0.0800	1.0000	0.0000
2.0000	0.0000	1.0000	0.0800	1.0000	0.0000
2.0000	0.0000	1.0000	0.0800	1.0000	0.0000
2.0000	0.0000	1.0000	0.0800	1.0000	0.0000
2.0000	0.0000	1.0000	0.0800	1.0000	0.0000
2.0000	0.0000	1.0000	0.0800	1.0000	0.0000
2.0000	0.0000	1.0000	0.0800	1.0000	0.0000
2.0000	0.0000	1.0000	0.0800	1.0000	0.0000
2.0000	0.0000	1.0000	0.0800	1.0000	0.0000
2.0000	0.0000	1.0000	0.0800	1.0000	0.0000
2.0000	0.0000	1.0000	0.0800	1.0000	0.0000
2.0000	0.0000	1.0000	0.0800	1.0000	0.0000
2.0000	0.0000	1.0000	0.0800	1.0000	0.0000
2.0000	0.0000	1.0000	0.0800	1.0000	0.0000
2.0000	0.0000	1.0000	0.0800	1.0000	0.0000
4	31
2.0000	0.0000	1.0000	0.0800	1.0000	0.0000
2.0000	0.0000	1.0000	0.0800	1.0000	0.0000
2.0000	0.0000	1.0000	0.0800	1.0000	0.0000
2.0000	0.0000	1.0000	0.0800	1.0000	0.0000
2.0000	0.0000	1.0000	0.0800	1.0000	0.0000
2.0000	0.0000	1.0000	0.0800	1.0000	0.0000
2.0000	0.0000	1.0000	0.0800	1.0000	0.0000
2.0000	0.0000	1.0000	0.0800	1.0000	0.0000
2.0000	0.0000	1.0000	0.0800	1.0000	0.0000
2.0000	0.0000	1.0000	0.0800	1.0000	0.0000
2.0000	0.0000	1.0000	0.0800	1.0000	0.0000
2.0000	0.0000	1.0000	0.0800	1.0000	0.0000
2.0000	0.0000	1.0000	0.0800	1.0000	0.0000
2.0000	0.0000	1.0000	0.0800	1.0000	0.0000
2.0000	0.0000	1.0000	0.0800	1.0000	0.0000
2.0000	0.0000	1.0000	0.0800	1.0000	0.0000
2.0000	0.0000	1.0000	0.0800	1.0000	0.0000
2.0000	0.0000	1.0000	0.0800	1.0000	0.0000
2.0000	0.0000	1.0000	0.0800	1.0000	0.0000
2.0000	0.0000	1.0000	0.0800	1.0000	0.0000
2.0000	0.0000	1.0000	0.0800	1.0000	0.0000
2.0000	0.0000	1.0000	0.0800	1.0000	0.0000
2.0000	0.0000	1.0000	0.0800	1.0000	0.0000
2.0000	0.0000	1.0000	0.0800	1.0000	0.0000
2.0000	0.0000	1.0000	0.0800	1.0000	0.0000
2.0000	0.0000	1.0000	0.0800	1.0000	0.0000
2.0000	0.0000	1.0000	0.0800	1.0000	0.0000
2.0000	0.0000	1.0000	0.0800	1.0000	0.0000
2.0000	0.0000	1.0000	0.0800	1.0000	0.0000
2.0000	0.0000	1.0000	0.0800	1.0000	0.0000
2.0000	0.0000	1.0000	0.0800	1.0000	0.0000
5	15
2.0000	0.0000	1.0000	0.0800	1.0000	0.0000
2.0000	0.0000	1.0000	0.0800	1.0000	0.0000
2.0000	0.0000	1.0000	0.0800	1.0000	0.0000
2.0000	0.0000	1.0000	0.0800	1.0000	0.0000
2.0000	0.0000	1.0000	0.0800	1.0000	0.0000
2.0000	0.0000	1.0000	0.0800	1.0000	0.0000
2.0000	0.0000	1.0000	0.0800	1.0000	0.0000
2.0000	0.0000	1.0000	0.0800	1.0000	0.0000
2.0000	0.0000	1.0000	0.0800	1.0000	0.0000
2.0000	0.0000	1.0000	0.0800	1.0000	0.0000
2.0000	0.0000	1.0000	0.0800	1.0000	0.0000
2.0000	0.0000	1.0000	0.0800	1.0000	0.0000
2.0000	0.0000	1.0000	0.0800	1.0000	0.0000
2.0000	0.0000	1.0000	0.0800	1.0000	0.0000
2.0000	0.0000	1.0000	0.0800	1.0000	0.0000
6	65
2.0000	0.0000	1.0000	0.0800	1.0000	0.0000
2.0000	0.0000	1.0000	0.0800	1.0000	0.0000
2.0000	0.0000	1.0000	0.0800	1.0000	0.0000
2.0000	0.0000	1.0000	0.0800	1.0000	0.0000
2.0000	0.0000	1.0000	0.0800	1.0000	0.0000
2.0000	0.0000	1.0000	0.0800	1.0000	0.0000
2.0000	0.0000	1.0000	0.0800	1.0000	0.0000
2.0000	0.0000	1.0000	0.0800	1.0000	0.0000
2.0000	0.0000	1.0000	0.0800	1.0000	0.0000
2.0000	0.0000	1.0000	0.0800	1.0000	0.0000
2.0000	0.0000	1.0000	0.0800	1.0000	0.0000
2.0000	0.0000	1.0000	0.0800	1.0000	0.0000
2.0000	0.0000	1.0000	0.0800	1.0000	0.0000
2.0000	0.0000	1.0000	0.0800	1.0000	0.0000
2.0000	0.0000	1.0000	0.0800	1.0000	0.0000
2.0000	0.0000	1.0000	0.0800	1.0000	0.0000
2.0000	0.0000	1.0000	0.0800	1.0000	0.0000
2.0000	0.0000	1.0000	0.0800	1.0000	0.0000
2.0000	0.0000	1.0000	0.0800	1.0000	0.0000
2.0000	0.0000	1.0000	0.0800	1.0000	0.0000
2.0000	0.0000	1.0000	0.0800	1.0000	0.0000
2.0000	0.0000	1.0000	0.0800	1.0000	0.0000
2.0000	0.0000	1.0000	0.0800	1.0000	0.0000
2.0000	0.0000	1.0000	0.0800	1.0000	0.0000
2.0000	0.0000	1.0000	0.0800	1.0000	0.0000
2.0000	0.0000	1.0000	0.0800	1.0000	0.0000
2.0000	0.0000	1.0000	0.0800	1.0000	0.0000
2.0000	0.0000	1.0000	0.0800	1.0000	0.0000
2.0000	0.0000	1.0000	0.0800	1.0000	0.0000
2.0000	0.0000	1.0000	0.0800	1.0000	0.0000
2.0000	0.0000	1.0000	0.0800	1.0000	0.0000
2.0000	0.0000	1.0000	0.0800	1.0000	0.0000
2.0000	0.0000	1.0000	0.0800	1.0000	0.0000
2.0000	0.0000	1.0000	0.0800	1.0000	0.0000
2.0000	0.0000	1.0000	0.0800	1.0000	0.0000
2.0000	0.0000	1.0000	0.0800	1.0000	0.0000
2.0000	0.0000	1.0000	0.0800	1.0000	0.0000
2.0000	0.0000	1.0000	0.0800	1.0000	0.0000
2.0000	0.0000	1.0000	0.0800	1.0000	0.0000
2.0000	0.0000	1.0000	0.0800	1.0000	0.0000
2.0000	0.0000	1.0000	0.0800	1.0000	0.0000
2.0000	0.0000	1.0000	0.0800	1.0000	0.0000
2.0000	0.0000	1.0000	0.0800	1.0000	0.0000
2.0000	0.0000	1.0000	0.0800	1.0000	0.0000
2.0000	0.0000	1.0000	0.0800	1.0000	0.0000
2.0000	0.0000	1.0000	0.0800	1.0000	0.0000
2.0000	0.0000	1.0000	0.0800	1.0000	0.0000
2.0000	0.0000	1.0000	0.0800	1.0000	0.0000
2.0000	0.0000	1.0000	0.0800	1.0000	0.0000
2.0000	0.0000	1.0000	0.0800	1.0000	0.0000
2.0000	0.0000	1.0000	0.0800	1.0000	0.0000
2.0000	0.0000	1.0000	0.0800	1.0000	0.0000
2.0000	0.0000	1.0000	0.0800	1.0000	0.0000
2.0000	0.0000	1.0000	0.0800	1.0000	0.0000
2.0000	0.0000	1.0000	0.0800	1.0000	0.0000
2.0000	0.0000	1.0000	0.0800	1.0000	0.0000
2.0000	0.0000	1.0000	0.0800	1.0000	0.0000
2.0000	0.0000	1.0000	0.0800	1.0000	0.0000
2.0000	0.0000	1.0000	0.0800	1.0000	0.0000
2.0000	0.0000	1.0000	0.0800	1.0000	0.0000
2.0000	0.0000	1.0000	0.0800	1.0000	0.0000
2.0000	0.0000	1.0000	0.0800	1.0000	0.0000
2.0000	0.0000	1.0000	0.0800	1.0000	0.0000
2.0000	0.0000	1.0000	0.0800	1.0000	0.0000
2.0000	0.0000	1.0000	0.0800	1.0000	0.0000
7	28
2.0000	0.0000	1.0000	0.0800	1.0000	0.0000
2.0000	0.0000	1.0000	0.0800	1.0000	0.0000
2.0000	0.0000	1.0000	0.0800	1.0000	0.0000
2.0000	0.0000	1.0000	0.0800	1.0000	0.0000
2.0000	0.0000	1.0000	0.0800	1.0000	0.0000
2.0000	0.0000	1.0000	0.0800	1.0000	0.0000
2.0000	0.0000	1.0000	0.0800	1.0000	0.0000
2.0000	0.0000	1.0000	0.0800	1.0000	0.0000
2.0000	0.0000	1.0000	0.0800	1.0000	0.0000
2.0000	0.0000	1.0000	0.0800	1.0000	0.0000
2.0000	0.0000	1.0000	0.0800	1.0000	0.0000
2.0000	0.0000	1.0000	0.0800	1.0000	0.0000
2.0000	0.0000	1.0000	0.0800	1.0000	0.0000
2.0000	0.0000	1.0000	0.0800	1.0000	0.0000
2.0000	0.0000	1.0000	0.0800	1.0000	0.0000
2.0000	0.0000	1.0000	0.0800	1.0000	0.0000
2.0000	0.0000	1.0000	0.0800	1.0000	0.0000
2.0000	0.0000	1.0000	0.0800	1.0000	0.0000
2.0000	0.0000	1.0000	0.0800	1.0000	0.0000
2.0000	0.0000	1.0000	0.0800	1.0000	0.0000
2.0000	0.0000	1.0000	0.0800	1.0000	0.0000
2.0000	0.0000	1.0000	0.0800	1.0000	0.0000
2.0000	0.0000	1.0000	0.0800	1.0000	0.0000
2.0000	0.0000	1.0000	0.0800	1.0000	0.0000
2.0000	0.0000	1.0000	0.0800	1.0000	0.0000
2.0000	0.0000	1.0000	0.0800	1.0000	0.0000
2.0000	0.0000	1.0000	0.0800	1.0000	0.0000
2.0000	0.0000	1.0000	0.0800	1.0000	0.0000
8	18
2.0000	0.0000	1.0000	0.0800	1.0000	0.0000
2.0000	0.0000	1.0000	0.0800	1.0000	0.0000
2.0000	0.0000	1.0000	0.0800	1.0000	0.0000
2.0000	0.0000	1.0000	0.0800	1.0000	0.0000
2.0000	0.0000	1.0000	0.0800	1.0000	0.0000
2.0000	0.0000	1.0000	0.0800	1.0000	0.0000
2.0000	0.0000	1.0000	0.0800	1.0000	0.0000
2.0000	0.0000	1.0000	0.0800	1.0000	0.0000
2.0000	0.0000	1.0000	0.0800	1.0000	0.0000
2.0000	0.0000	1.0000	0.0800	1.0000	0.0000
2.0000	0.0000	1.0000	0.0800	1.0000	0.0000
2.0000	0.0000	1.0000	0.0800	1.0000	0.0000
2.0000	0.0000	1.0000	0.0800	1.0000	0.0000
2.0000	0.0000	1.0000	0.0800	1.0000	0.0000
2.0000	0.0000	1.0000	0.0800	1.0000	0.0000
2.0000	0.0000	1.0000	0.0800	1.0000	0.0000
2.0000	0.0000	1.0000	0.0800	1.0000	0.0000
2.0000	0.0000	1.0000	0.0800	1.0000	0.0000
9	76
2.0000	0.0000	1.0000	0.0800	1.0000	0.0000
2.0000	0.0000	1.0000	0.0800	1.0000	0.0000
2.0000	0.0000	1.0000	0.0800	1.0000	0.0000
2.0000	0.0000	1.0000	0.0800	1.0000	0.0000
2.0000	0.0000	1.0000	0.0800	1.0000	0.0000
2.0000	0.0000	1.0000	0.0800	1.0000	0.0000
2.0000	0.0000	1.0000	0.0800	1.0000	0.0000
2.0000	0.0000	1.0000	0.0800	1.0000	0.0000
2.0000	0.0000	1.0000	0.0800	1.0000	0.0000
2.0000	0.0000	1.0000	0.0800	1.0000	0.0000
2.0000	0.0000	1.0000	0.0800	1.0000	0.0000
2.0000	0.0000	1.0000	0.0800	1.0000	0.0000
2.0000	0.0000	1.0000	0.0800	1.0000	0.0000
2.0000	0.0000	1.0000	0.0800	1.0000	0.0000
2.0000	0.0000	1.0000	0.0800	1.0000	0.0000
2.0000	0.0000	1.0000	0.0800	1.0000	0.0000
2.0000	0.0000	1.0000	0.0800	1.0000	0.0000
2.0000	0.0000	1.0000	0.0800	1.0000	0.0000
2.0000	0.0000	1.0000	0.0800	1.0000	0.0000
2.0000	0.0000	1.0000	0.0800	1.0000	0.0000
2.0000	0.0000	1.0000	0.0800	1.0000	0.0000
2.0000	0.0000	1.0000	0.0800	1.0000	0.0000
2.0000	0.0000	1.0000	0.0800	1.0000	0.0000
2.0000	0.0000	1.0000	0.0800	1.0000	0.0000
2.0000	0.0000	1.0000	0.0800	1.0000	0.0000
2.0000	0.0000	1.0000	0.0800	1.0000	0.0000
2.0000	0.0000	1.0000	0.0800	1.0000	0.0000
2.0000	0.0000	1.0000	0.0800	1.0000	0.0000
2.0000	0.0000	1.0000	0.0800	1.0000	0.0000
2.0000	0.0000	1.0000	0.0800	1.0000	0.0000
2.0000	0.0000	1.0000	0.0800	1.0000	0.0000
2.0000	0.0000	1.0000	0.0800	1.0000	0.0000
2.0000	0.0000	1.0000	0.0800	1.0000	0.0000
2.0000	0.0000	1.0000	0.0800	1.0000	0.0000
2.0000	0.0000	1.0000	0.0800	1.0000	0.0000
2.0000	0.0000	1.0000	0.0800	1.0000	0.0000
2.0000	0.0000	1.0000	0.0800	1.0000	0.0000
2.0000	0.0000	1.0000	0.0800	1.0000	0.0000
2.0000	0.0000	1.0000	0.0800	1.0000	0.0000
2.0000	0.0000	1.0000	0.0800	1.0000	0.0000
2.0000	0.0000	1.0000	0.0800	1.0000	0.0000
2.0000	0.0000	1.0000	0.0800	1.0000	0.0000
2.0000	0.0000	1.0000	0.0800	1.0000	0.0000
2.0000	0.0000	1.0000	0.0800	1.0000	0.0000
2.0000	0.0000	1.0000	0.0800	1.0000	0.0000
2.0000	0.0000	1.0000	0.0800	1.0000	0.0000
2.0000	0.0000	1.0000	0.0800	1.0000	0.0000
2.0000	0.0000	1.0000	0.0800	1.0000	0.0000
2.0000	0.0000	1.0000	0.0800	1.0000	0.0000
2.0000	0.0000	1.0000	0.0800	1.0000	0.0000
2.0000	0.0000	1.0000	0.0800	1.0000	0.0000
2.0000	0.0000	1.0000	0.0800	1.0000	0.0000
2.0000	0.0000	1.0000	0.0800	1.0000	0.0000
2.0000	0.0000	1.0000	0.0800	1.0000	0.0000
2.0000	0.0000	1.0000	0.0800	1.0000	0.0000
2.0000	0.0000	1.0000	0.0800	1.0000	0.0000
2.0000	0.0000	1.0000	0.0800	1.0000	0.0000
2.0000	0.0000	1.0000	0.0800	1.0000	0.0000
2.0000	0.0000	1.0000	0.0800	1.0000	0.0000
2.0000	0.0000	1.0000	0.0800	1.0000	0.0000
2.0000	0.0000	1.0000	0.0800	1.0000	0.0000
2.0000	0.0000	1.0000	0.0800	1.0000	0.0000
2.0000	0.0000	1.0000	0.0800	1.0000	0.0000
2.0000	0.0000	1.0000	0.0800	1.0000	0.0000
2.0000	0.0000	1.0000	0.0800	1.0000	0.0000
2.0000	0.0000	1.0000	0.0800	1.0000	0.0000
2.0000	0.0000	1.0000	0.0800	1.0000	0.0000
2.0000	0.0000	1.0000	0.0800	1.0000	0.0000
2.0000	0.0000	1.0000	0.0800	1.0000	0.0000
2.0000	0.0000	1.0000	0.0800	1.0000	0.0000
2.0000	0.0000	1.0000	0.0800	1.0000	0.0000
2.0000	0.0000	1.0000	0.0800	1.0000	0.0000
2.0000	0.0000	1.0000	0.0800	1.0000	0.0000
2.0000	0.0000	1.0000	0.0800	1.0000	0.0000
2.0000	0.0000	1.0000	0.0800	1.0000	0.0000
2.0000	0.0000	1.0000	0.0800	1.0000	0.0000
10	72
2.0000	0.0000	1.0000	0.0800	1.0000	0.0000
2.0000	0.0000	1.0000	0.0800	1.0000	0.0000
2.0000	0.0000	1.0000	0.0800	1.0000	0.0000
2.0000	0.0000	1.0000	0.0800	1.0000	0.0000
2.0000	0.0000	1.0000	0.0800	1.0000	0.0000
2.0000	0.0000	1.0000	0.0800	1.0000	0.0000
2.0000	0.0000	1.0000	0.0800	1.0000	0.0000
2.0000	0.0000	1.0000	0.0800	1.0000	0.0000
2.0000	0.0000	1.0000	0.0800	1.0000	0.0000
2.0000	0.0000	1.0000	0.0800	1.0000	0.0000
2.0000	0.0000	1.0000	0.0800	1.0000	0.0000
2.0000	0.0000	1.0000	0.0800	1.0000	0.0000
2.0000	0.0000	1.0000	0.0800	1.0000	0.0000
2.0000	0.0000	1.0000	0.0800	1.0000	0.0000
2.0000	0.0000	1.0000	0.0800	1.0000	0.0000
2.0000	0.0000	1.0000	0.0800	1.0000	0.0000
2.0000	0.0000	1.0000	0.0800	1.0000	0.0000
2.0000	0.0000	1.0000	0.0800	1.0000	0.0000
2.0000	0.0000	1.0000	0.0800	1.0000	0.0000
2.0000	0.0000	1.0000	0.0800	1.0000	0.0000
2.0000	0.0000	1.0000	0.0800	1.0000	0.0000
2.0000	0.0000	1.0000	0.0800	1.0000	0.0000
2.0000	0.0000	1.0000	0.0800	1.0000	0.0000
2.0000	0.0000	1.0000	0.0800	1.0000	0.0000
2.0000	0.0000	1.0000	0.0800	1.0000	0.0000
2.0000	0.0000	1.0000	0.0800	1.0000	0.0000
2.0000	0.0000	1.0000	0.0800	1.0000	0.0000
2.0000	0.0000	1.0000	0.0800	1.0000	0.0000
2.0000	0.0000	1.0000	0.0800	1.0000	0.0000
2.0000	0.0000	1.0000	0.0800	1.0000	0.0000
2.0000	0.0000	1.0000	0.0800	1.0000	0.0000
2.0000	0.0000	1.0000	0.0800	1.0000	0.0000
2.0000	0.0000	1.0000	0.0800	1.0000	0.0000
2.0000	0.0000	1.0000	0.0800	1.0000	0.0000
2.0000	0.0000	1.0000	0.0800	1.0000	0.0000
2.0000	0.0000	1.0000	0.0800	1.0000	0.0000
2.0000	0.0000	1.0000	0.0800	1.0000	0.0000
2.0000	0.0000	1.0000	0.0800	1.0000	0.0000
2.0000	0.0000	1.0000	0.0800	1.0000	0.0000
2.0000	0.0000	1.0000	0.0800	1.0000	0.0000
2.0000	0.0000	1.0000	0.0800	1.0000	0.0000
2.0000	0.0000	1.0000	0.0800	1.0000	0.0000
2.0000	0.0000	1.0000	0.0800	1.0000	0.0000
2.0000	0.0000	1.0000	0.0800	1.0000	0.0000
2.0000	0.0000	1.0000	0.0800	1.0000	0.0000
2.0000	0.0000	1.0000	0.0800	1.0000	0.0000
2.0000	0.0000	1.0000	0.0800	1.0000	0.0000
2.0000	0.0000	1.0000	0.0800	1.0000	0.0000
2.0000	0.0000	1.0000	0.0800	1.0000	0.0000
2.0000	0.0000	1.0000	0.0800	1.0000	0.0000
2.0000	0.0000	1.0000	0.0800	1.0000	0.0000
2.0000	0.0000	1.0000	0.0800	1.0000	0.0000
2.0000	0.0000	1.0000	0.0800	1.0000	0.0000
2.0000	0.0000	1.0000	0.0800	1.0000	0.0000
2.0000	0.0000	1.0000	0.0800	1.0000	0.0000
2.0000	0.0000	1.0000	0.0800	1.0000	0.0000
2.0000	0.0000	1.0000	0.0800	1.0000	0.0000
2.0000	0.0000	1.0000	0.0800	1.0000	0.0000
2.0000	0.0000	1.0000	0.0800	1.0000	0.0000
2.0000	0.0000	1.0000	0.0800	1.0000	0.0000
2.0000	0.0000	1.0000	0.0800	1.0000	0.0000
2.0000	0.0000	1.0000	0.0800	1.0000	0.0000
2.0000	0.0000	1.0000	0.0800	1.0000	0.0000
2.0000	0.0000	1.0000	0.0800	1.0000	0.0000
2.0000	0.0000	1.0000	0.0800	1.0000	0.0000
2.0000	0.0000	1.0000	0.0800	1.0000	0.0000
2.0000	0.0000	1.0000	0.0800	1.0000	0.0000
2.0000	0.0000	1.0000	0.0800	1.0000	0.0000
2.0000	0.0000	1.0000	0.0800	1.0000	0.0000
2.0000	0.0000	1.0000	0.0800	1.0000	0.0000
2.0000	0.0000	1.0000	0.0800	1.0000	0.0000
2.0000	0.0000	1.0000	0.0800	1.0000	0.0000
11	53
2.0000	0.0000	1.0000	0.0800	1.0000	0.0000
2.0000	0.0000	1.0000	0.0800	1.0000	0.0000
2.0000	0.0000	1.0000	0.0800	1.0000	0.0000
2.0000	0.0000	1.0000	0.0800	1.0000	0.0000
2.0000	0.0000	1.0000	0.0800	1.0000	0.0000
2.0000	0.0000	1.0000	0.0800	1.0000	0.0000
2.0000	0.0000	1.0000	0.0800	1.0000	0.0000
2.0000	0.0000	1.0000	0.0800	1.0000	0.0000
2.0000	0.0000	1.0000	0.0800	1.0000	0.0000
2.0000	0.0000	1.0000	0.0800	1.0000	0.0000
2.0000	0.0000	1.0000	0.0800	1.0000	0.0000
2.0000	0.0000	1.0000	0.0800	1.0000	0.0000
2.0000	0.0000	1.0000	0.0800	1.0000	0.0000
2.0000	0.0000	1.0000	0.0800	1.0000	0.0000
2.0000	0.0000	1.0000	0.0800	1.0000	0.0000
2.0000	0.0000	1.0000	0.0800	1.0000	0.0000
2.0000	0.0000	1.0000	0.0800	1.0000	0.0000
2.0000	0.0000	1.0000	0.0800	1.0000	0.0000
2.0000	0.0000	1.0000	0.0800	1.0000	0.0000
2.0000	0.0000	1.0000	0.0800	1.0000	0.0000
2.0000	0.0000	1.0000	0.0800	1.0000	0.0000
2.0000	0.0000	1.0000	0.0800	1.0000	0.0000
2.0000	0.0000	1.0000	0.0800	1.0000	0.0000
2.0000	0.0000	1.0000	0.0800	1.0000	0.0000
2.0000	0.0000	1.0000	0.0800	1.0000	0.0000
2.0000	0.0000	1.0000	0.0800	1.0000	0.0000
2.0000	0.0000	1.0000	0.0800	1.0000	0.0000
2.0000	0.0000	1.0000	0.0800	1.0000	0.0000
2.0000	0.0000	1.0000	0.0800	1.0000	0.0000
2.0000	0.0000	1.0000	0.0800	1.0000	0.0000
2.0000	0.0000	1.0000	0.0800	1.0000	0.0000
2.0000	0.0000	1.0000	0.0800	1.0000	0.0000
2.0000	0.0000	1.0000	0.0800	1.0000	0.0000
2.0000	0.0000	1.0000	0.0800	1.0000	0.0000
2.0000	0.0000	1.0000	0.0800	1.0000	0.0000
2.0000	0.0000	1.0000	0.0800	1.0000	0.0000
2.0000	0.0000	1.0000	0.0800	1.0000	0.0000
2.0000	0.0000	1.0000	0.0800	1.0000	0.0000
2.0000	0.0000	1.0000	0.0800	1.0000	0.0000
2.0000	0.0000	1.0000	0.0800	1.0000	0.0000
2.0000	0.0000	1.0000	0.0800	1.0000	0.0000
2.0000	0.0000	1.0000	0.0800	1.0000	0.0000
2.0000	0.0000	1.0000	0.0800	1.0000	0.0000
2.0000	0.0000	1.0000	0.0800	1.0000	0.0000
2.0000	0.0000	1.0000	0.0800	1.0000	0.0000
2.0000	0.0000	1.0000	0.0800	1.0000	0.0000
2.0000	0.0000	1.0000	0.0800	1.0000	0.0000
2.0000	0.0000	1.0000	0.0800	1.0000	0.0000
2.0000	0.0000	1.0000	0.0800	1.0000	0.0000
2.0000	0.0000	1.0000	0.0800	1.0000	0.0000
2.0000	0.0000	1.0000	0.0800	1.0000	0.0000
2.0000	0.0000	1.0000	0.0800	1.0000	0.0000
2.0000	0.0000	1.0000	0.0800	1.0000	0.0000
12	125
2.0000	0.0000	1.0000	0.0800	1.0000	0.0000
2.0000	0.0000	1.0000	0.0800	1.0000	0.0000
2.0000	0.0000	1.0000	0.0800	1.0000	0.0000
2.0000	0.0000	1.0000	0.0800	1.0000	0.0000
2.0000	0.0000	1.0000	0.0800	1.0000	0.0000
2.0000	0.0000	1.0000	0.0800	1.0000	0.0000
2.0000	0.0000	1.0000	0.0800	1.0000	0.0000
2.0000	0.0000	1.0000	0.0800	1.0000	0.0000
2.0000	0.0000	1.0000	0.0800	1.0000	0.0000
2.0000	0.0000	1.0000	0.0800	1.0000	0.0000
2.0000	0.0000	1.0000	0.0800	1.0000	0.0000
2.0000	0.0000	1.0000	0.0800	1.0000	0.0000
2.0000	0.0000	1.0000	0.0800	1.0000	0.0000
2.0000	0.0000	1.0000	0.0800	1.0000	0.0000
2.0000	0.0000	1.0000	0.0800	1.0000	0.0000
2.0000	0.0000	1.0000	0.0800	1.0000	0.0000
2.0000	0.0000	1.0000	0.0800	1.0000	0.0000
2.0000	0.0000	1.0000	0.0800	1.0000	0.0000
2.0000	0.0000	1.0000	0.0800	1.0000	0.0000
2.0000	0.0000	1.0000	0.0800	1.0000	0.0000
2.0000	0.0000	1.0000	0.0800	1.0000	0.0000
2.0000	0.0000	1.0000	0.0800	1.0000	0.0000
2.0000	0.0000	1.0000	0.0800	1.0000	0.0000
2.0000	0.0000	1.0000	0.0800	1.0000	0.0000
2.0000	0.0000	1.0000	0.0800	1.0000	0.0000
2.0000	0.0000	1.0000	0.0800	1.0000	0.0000
2.0000	0.0000	1.0000	0.0800	1.0000	0.0000
2.0000	0.0000	1.0000	0.0800	1.0000	0.0000
2.0000	0.0000	1.0000	0.0800	1.0000	0.0000
2.0000	0.0000	1.0000	0.0800	1.0000	0.0000
2.0000	0.0000	1.0000	0.0800	1.0000	0.0000
2.0000	0.0000	1.0000	0.0800	1.0000	0.0000
2.0000	0.0000	1.0000	0.0800	1.0000	0.0000
2.0000	0.0000	1.0000	0.0800	1.0000	0.0000
2.0000	0.0000	1.0000	0.0800	1.0000	0.0000
2.0000	0.0000	1.0000	0.0800	1.0000	0.0000
2.0000	0.0000	1.0000	0.0800	1.0000	0.0000
2.0000	0.0000	1.0000	0.0800	1.0000	0.0000
2.0000	0.0000	1.0000	0.0800	1.0000	0.0000
2.0000	0.0000	1.0000	0.0800	1.0000	0.0000
2.0000	0.0000	1.0000	0.0800	1.0000	0.0000
2.0000	0.0000	1.0000	0.0800	1.0000	0.0000
2.0000	0.0000	1.0000	0.0800	1.0000	0.0000
2.0000	0.0000	1.0000	0.0800	1.0000	0.0000
2.0000	0.0000	1.0000	0.0800	1.0000	0.0000
2.0000	0.0000	1.0000	0.0800	1.0000	0.0000
2.0000	0.0000	1.0000	0.0800	1.0000	0.0000
2.0000	0.0000	1.0000	0.0800	1.0000	0.0000
2.0000	0.0000	1.0000	0.0800	1.0000	0.0000
2.0000	0.0000	1.0000	0.0800	1.0000	0.0000
2.0000	0.0000	1.0000	0.0800	1.0000	0.0000
2.0000	0.0000	1.0000	0.0800	1.0000	0.0000
2.0000	0.0000	1.0000	0.0800	1.0000	0.0000
2.0000	0.0000	1.0000	0.0800	1.0000	0.0000
2.0000	0.0000	1.0000	0.0800	1.0000	0.0000
2.0000	0.0000	1.0000	0.0800	1.0000	0.0000
2.0000	0.0000	1.0000	0.0800	1.0000	0.0000
2.0000	0.0000	1.0000	0.0800	1.0000	0.0000
2.0000	0.0000	1.0000	0.0800	1.0000	0.0000
2.0000	0.0000	1.0000	0.0800	1.0000	0.0000
2.0000	0.0000	1.0000	0.0800	1.0000	0.0000
2.0000	0.0000	1.0000	0.0800	1.0000	0.0000
2.0000	0.0000	1.0000	0.0800	1.0000	0.0000
2.0000	0.0000	1.0000	0.0800	1.0000	0.0000
2.0000	0.0000	1.0000	0.0800	1.0000	0.0000
2.0000	0.0000	1.0000	0.0800	1.0000	0.0000
2.0000	0.0000	1.0000	0.0800	1.0000	0.0000
2.0000	0.0000	1.0000	0.0800	1.0000	0.0000
2.0000	0.0000	1.0000	0.0800	1.0000	0.0000
2.0000	0.0000	1.0000	0.0800	1.0000	0.0000
2.0000	0.0000	1.0000	0.0800	1.0000	0.0000
2.0000	0.0000	1.0000	0.0800	1.0000	0.0000
2.0000	0.0000	1.0000	0.0800	1.0000	0.0000
2.0000	0.0000	1.0000	0.0800	1.0000	0.0000
2.0000	0.0000	1.0000	0.0800	1.0000	0.0000
2.0000	0.0000	1.0000	0.0800	1.0000	0.0000
2.0000	0.0000	1.0000	0.0800	1.0000	0.0000
2.0000	0.0000	1.0000	0.0800	1.0000	0.0000
2.0000	0.0000	1.0000	0.0800	1.0000	0.0000
2.0000	0.0000	1.0000	0.0800	1.0000	0.0000
2.0000	0.0000	1.0000	0.0800	1.0000	0.0000
2.0000	0.0000	1.0000	0.0800	1.0000	0.0000
2.0000	0.0000	1.0000	0.0800	1.0000	0.0000
2.0000	0.0000	1.0000	0.0800	1.0000	0.0000
2.0000	0.0000	1.0000	0.0800	1.0000	0.0000
2.0000	0.0000	1.0000	0.0800	1.0000	0.0000
2.0000	0.0000	1.0000	0.0800	1.0000	0.0000
2.0000	0.0000	1.0000	0.0800	1.0000	0.0000
2.0000	0.0000	1.0000	0.0800	1.0000	0.0000
2.0000	0.0000	1.0000	0.0800	1.0000	0.0000
2.0000	0.0000	1.0000	0.0800	1.0000	0.0000
2.0000	0.0000	1.0000	0.0800	1.0000	0.0000
2.0000	0.0000	1.0000	0.0800	1.0000	0.0000
2.0000	0.0000	1.0000	0.0800	1.0000	0.0000
2.0000	0.0000	1.0000	0.0800	1.0000	0.0000
2.0000	0.0000	1.0000	0.0800	1.0000	0.0000
2.0000	0.0000	1.0000	0.0800	1.0000	0.0000
2.0000	0.0000	1.0000	0.0800	1.0000	0.0000
2.0000	0.0000	1.0000	0.0800	1.0000	0.0000
2.0000	0.0000	1.0000	0.0800	1.0000	0.0000
2.0000	0.0000	1.0000	0.0800	1.0000	0.0000
2.0000	0.0000	1.0000	0.0800	1.0000	0.0000
2.0000	0.0000	1.0000	0.0800	1.0000	0.0000
2.0000	0.0000	1.0000	0.0800	1.0000	0.0000
2.0000	0.0000	1.0000	0.0800	1.0000	0.0000
2.0000	0.0000	1.0000	0.0800	1.0000	0.0000
2.0000	0.0000	1.0000	0.0800	1.0000	0.0000
2.0000	0.0000	1.0000	0.0800	1.0000	0.0000
2.0000	0.0000	1.0000	0.0800	1.0000	0.0000
2.0000	0.0000	1.0000	0.0800	1.0000	0.0000
2.0000	0.0000	1.0000	0.0800	1.0000	0.0000
2.0000	0.0000	1.0000	0.0800	1.0000	0.0000
2.0000	0.0000	1.0000	0.0800	1.0000	0.0000
2.0000	0.0000	1.0000	0.0800	1.0000	0.0000
2.0000	0.0000	1.0000	0.0800	1.0000	0.0000
2.0000	0.0000	1.0000	0.0800	1.0000	0.0000
2.0000	0.0000	1.0000	0.0800	1.0000	0.0000
2.0000	0.0000	1.0000	0.0800	1.0000	0.0000
2.0000	0.0000	1.0000	0.0800	1.0000	0.0000
2.0000	0.0000	1.0000	0.0800	1.0000	0.0000
2.0000	0.0000	1.0000	0.0800	1.0000	0.0000
2.0000	0.0000	1.0000	0.0800	1.0000	0.0000
2.0000	0.0000	1.0000	0.0800	1.0000	0.0000
2.0000	0.0000	1.0000	0.0800	1.0000	0.0000
2.0000	0.0000	1.0000	0.0800	1.0000	0.0000
13	67
2.0000	0.0000	1.0000	0.1200	1.0000	0.0000
2.0000	0.0000	1.0000	0.1200	1.0000	0.0000
2.0000	0.0000	1.0000	0.1200	1.0000	0.0000
2.0000	0.0000	1.0000	0.1200	1.0000	0.0000
2.0000	0.0000	1.0000	0.1200	1.0000	0.0000
2.0000	0.0000	1.0000	0.1200	1.0000	0.0000
2.0000	0.0000	1.0000	0.1200	1.0000	0.0000
2.0000	0.0000	1.0000	0.1200	1.0000	0.0000
2.0000	0.0000	1.0000	0.1200	1.0000	0.0000
2.0000	0.0000	1.0000	0.1200	1.0000	0.0000
2.0000	0.0000	1.0000	0.1200	1.0000	0.0000
2.0000	0.0000	1.0000	0.1200	1.0000	0.0000
2.0000	0.0000	1.0000	0.1200	1.0000	0.0000
2.0000	0.0000	1.0000	0.1200	1.0000	0.0000
2.0000	0.0000	1.0000	0.1200	1.0000	0.0000
2.0000	0.0000	1.0000	0.1200	1.0000	0.0000
2.0000	0.0000	1.0000	0.1200	1.0000	0.0000
2.0000	0.0000	1.0000	0.1200	1.0000	0.0000
2.0000	0.0000	1.0000	0.1200	1.0000	0.0000
2.0000	0.0000	1.0000	0.1200	1.0000	0.0000
2.0000	0.0000	1.0000	0.1200	1.0000	0.0000
2.0000	0.0000	1.0000	0.1200	1.0000	0.0000
2.0000	0.0000	1.0000	0.1200	1.0000	0.0000
2.0000	0.0000	1.0000	0.1200	1.0000	0.0000
2.0000	0.0000	1.0000	0.1200	1.0000	0.0000
2.0000	0.0000	1.0000	0.1200	1.0000	0.0000
2.0000	0.0000	1.0000	0.1200	1.0000	0.0000
2.0000	0.0000	1.0000	0.1200	1.0000	0.0000
2.0000	0.0000	1.0000	0.1200	1.0000	0.0000
2.0000	0.0000	1.0000	0.1200	1.0000	0.0000
2.0000	0.0000	1.0000	0.1200	1.0000	0.0000
2.0000	0.0000	1.0000	0.1200	1.0000	0.0000
2.0000	0.0000	1.0000	0.1200	1.0000	0.0000
2.0000	0.0000	1.0000	0.1200	1.0000	0.0000
2.0000	0.0000	1.0000	0.1200	1.0000	0.0000
2.0000	0.0000	1.0000	0.1200	1.0000	0.0000
2.0000	0.0000	1.0000	0.1200	1.0000	0.0000
2.0000	0.0000	1.0000	0.1200	1.0000	0.0000
2.0000	0.0000	1.0000	0.1200	1.0000	0.0000
2.0000	0.0000	1.0000	0.1200	1.0000	0.0000
2.0000	0.0000	1.0000	0.1200	1.0000	0.0000
2.0000	0.0000	1.0000	0.1200	1.0000	0.0000
2.0000	0.0000	1.0000	0.1200	1.0000	0.0000
2.0000	0.0000	1.0000	0.1200	1.0000	0.0000
2.0000	0.0000	1.0000	0.1200	1.0000	0.0000
2.0000	0.0000	1.0000	0.1200	1.0000	0.0000
2.0000	0.0000	1.0000	0.1200	1.0000	0.0000
2.0000	0.0000	1.0000	0.1200	1.0000	0.0000
2.0000	0.0000	1.0000	0.1200	1.0000	0.0000
2.0000	0.0000	1.0000	0.1200	1.0000	0.0000
2.0000	0.0000	1.0000	0.1200	1.0000	0.0000
2.0000	0.0000	1.0000	0.1200	1.0000	0.0000
2.0000	0.0000	1.0000	0.1200	1.0000	0.0000
2.0000	0.0000	1.0000	0.1200	1.0000	0.0000
2.0000	0.0000	1.0000	0.1200	1.0000	0.0000
2.0000	0.0000	1.0000	0.1200	1.0000	0.0000
2.0000	0.0000	1.0000	0.1200	1.0000	0.0000
2.0000	0.0000	1.0000	0.1200	1.0000	0.0000
2.0000	0.0000	1.0000	0.1200	1.0000	0.0000
2.0000	0.0000	1.0000	0.1200	1.0000	0.0000
2.0000	0.0000	1.0000	0.1200	1.0000	0.0000
2.0000	0.0000	1.0000	0.1200	1.0000	0.0000
2.0000	0.0000	1.0000	0.1200	1.0000	0.0000
2.0000	0.0000	1.0000	0.1200	1.0000	0.0000
2.0000	0.0000	1.0000	0.1200	1.0000	0.0000
2.0000	0.0000	1.0000	0.1200	1.0000	0.0000
2.0000	0.0000	1.0000	0.1200	1.0000	0.0000
14	14
2.0000	0.0000	1.0000	0.0800	1.0000	0.0000
2.0000	0.0000	1.0000	0.0800	1.0000	0.0000
2.0000	0.0000	1.0000	0.0800	1.0000	0.0000
2.0000	0.0000	1.0000	0.0800	1.0000	0.0000
2.0000	0.0000	1.0000	0.0800	1.0000	0.0000
2.0000	0.0000	1.0000	0.0800	1.0000	0.0000
2.0000	0.0000	1.0000	0.0800	1.0000	0.0000
2.0000	0.0000	1.0000	0.0800	1.0000	0.0000
2.0000	0.0000	1.0000	0.0800	1.0000	0.0000
2.0000	0.0000	1.0000	0.0800	1.0000	0.0000
2.0000	0.0000	1.0000	0.0800	1.0000	0.0000
2.0000	0.0000	1.0000	0.0800	1.0000	0.0000
2.0000	0.0000	1.0000	0.0800	1.0000	0.0000
2.0000	0.0000	1.0000	0.0800	1.0000	0.0000
15	46
2.0000	0.0000	1.0000	0.0950	1.0000	0.0000
2.0000	0.0000	1.0000	0.0950	1.0000	0.0000
2.0000	0.0000	1.0000	0.0950	1.0000	0.0000
2.0000	0.0000	1.0000	0.0950	1.0000	0.0000
2.0000	0.0000	1.0000	0.0950	1.0000	0.0000
2.0000	0.0000	1.0000	0.0950	1.0000	0.0000
2.0000	0.0000	1.0000	0.0950	1.0000	0.0000
2.0000	0.0000	1.0000	0.0950	1.0000	0.0000
2.0000	0.0000	1.0000	0.0950	1.0000	0.0000
2.0000	0.0000	1.0000	0.0950	1.0000	0.0000
2.0000	0.0000	1.0000	0.0950	1.0000	0.0000
2.0000	0.0000	1.0000	0.0950	1.0000	0.0000
2.0000	0.0000	1.0000	0.0950	1.0000	0.0000
2.0000	0.0000	1.0000	0.0950	1.0000	0.0000
2.0000	0.0000	1.0000	0.0950	1.0000	0.0000
2.0000	0.0000	1.0000	0.0950	1.0000	0.0000
2.0000	0.0000	1.0000	0.0950	1.0000	0.0000
2.0000	0.0000	1.0000	0.0950	1.0000	0.0000
2.0000	0.0000	1.0000	0.0950	1.0000	0.0000
2.0000	0.0000	1.0000	0.0950	1.0000	0.0000
2.0000	0.0000	1.0000	0.0950	1.0000	0.0000
2.0000	0.0000	1.0000	0.0950	1.0000	0.0000
2.0000	0.0000	1.0000	0.0950	1.0000	0.0000
2.0000	0.0000	1.0000	0.0950	1.0000	0.0000
2.0000	0.0000	1.0000	0.0950	1.0000	0.0000
2.0000	0.0000	1.0000	0.0950	1.0000	0.0000
2.0000	0.0000	1.0000	0.0950	1.0000	0.0000
2.0000	0.0000	1.0000	0.0950	1.0000	0.0000
2.0000	0.0000	1.0000	0.0950	1.0000	0.0000
2.0000	0.0000	1.0000	0.0950	1.0000	0.0000
2.0000	0.0000	1.0000	0.0950	1.0000	0.0000
2.0000	0.0000	1.0000	0.0950	1.0000	0.0000
2.0000	0.0000	1.0000	0.0950	1.0000	0.0000
2.0000	0.0000	1.0000	0.0950	1.0000	0.0000
2.0000	0.0000	1.0000	0.0950	1.0000	0.0000
2.0000	0.0000	1.0000	0.0950	1.0000	0.0000
2.0000	0.0000	1.0000	0.0950	1.0000	0.0000
2.0000	0.0000	1.0000	0.0950	1.0000	0.0000
2.0000	0.0000	1.0000	0.0950	1.0000	0.0000
2.0000	0.0000	1.0000	0.0950	1.0000	0.0000
2.0000	0.0000	1.0000	0.0950	1.0000	0.0000
2.0000	0.0000	1.0000	0.0950	1.0000	0.0000
2.0000	0.0000	1.0000	0.0950	1.0000	0.0000
2.0000	0.0000	1.0000	0.0950	1.0000	0.0000
2.0000	0.0000	1.0000	0.0950	1.0000	0.0000
2.0000	0.0000	1.0000	0.0950	1.0000	0.0000
16	19
2.0000	0.0000	1.0000	0.0800	1.0000	0.0000
2.0000	0.0000	1.0000	0.0800	1.0000	0.0000
2.0000	0.0000	1.0000	0.0800	1.0000	0.0000
2.0000	0.0000	1.0000	0.0800	1.0000	0.0000
2.0000	0.0000	1.0000	0.0800	1.0000	0.0000
2.0000	0.0000	1.0000	0.0800	1.0000	0.0000
2.0000	0.0000	1.0000	0.0800	1.0000	0.0000
2.0000	0.0000	1.0000	0.0800	1.0000	0.0000
2.0000	0.0000	1.0000	0.0800	1.0000	0.0000
2.0000	0.0000	1.0000	0.0800	1.0000	0.0000
2.0000	0.0000	1.0000	0.0800	1.0000	0.0000
2.0000	0.0000	1.0000	0.0800	1.0000	0.0000
2.0000	0.0000	1.0000	0.0800	1.0000	0.0000
2.0000	0.0000	1.0000	0.0800	1.0000	0.0000
2.0000	0.0000	1.0000	0.0800	1.0000	0.0000
2.0000	0.0000	1.0000	0.0800	1.0000	0.0000
2.0000	0.0000	1.0000	0.0800	1.0000	0.0000
2.0000	0.0000	1.0000	0.0800	1.0000	0.0000
2.0000	0.0000	1.0000	0.0800	1.0000	0.0000
17	7
2.0000	0.0000	1.0000	0.0800	1.0000	0.0000
2.0000	0.0000	1.0000	0.0800	1.0000	0.0000
2.0000	0.0000	1.0000	0.0800	1.0000	0.0000
2.0000	0.0000	1.0000	0.0800	1.0000	0.0000
2.0000	0.0000	1.0000	0.0800	1.0000	0.0000
2.0000	0.0000	1.0000	0.0800	1.0000	0.0000
2.0000	0.0000	1.0000	0.0800	1.0000	0.0000
18	137
2.0000	0.0000	1.0000	0.0950	1.0000	0.0000
2.0000	0.0000	1.0000	0.0950	1.0000	0.0000
2.0000	0.0000	1.0000	0.0950	1.0000	0.0000
2.0000	0.0000	1.0000	0.0950	1.0000	0.0000
2.0000	0.0000	1.0000	0.0950	1.0000	0.0000
2.0000	0.0000	1.0000	0.0950	1.0000	0.0000
2.0000	0.0000	1.0000	0.0950	1.0000	0.0000
2.0000	0.0000	1.0000	0.0950	1.0000	0.0000
2.0000	0.0000	1.0000	0.0950	1.0000	0.0000
2.0000	0.0000	1.0000	0.0950	1.0000	0.0000
2.0000	0.0000	1.0000	0.0950	1.0000	0.0000
2.0000	0.0000	1.0000	0.0950	1.0000	0.0000
2.0000	0.0000	1.0000	0.0950	1.0000	0.0000
2.0000	0.0000	1.0000	0.0950	1.0000	0.0000
2.0000	0.0000	1.0000	0.0950	1.0000	0.0000
2.0000	0.0000	1.0000	0.0950	1.0000	0.0000
2.0000	0.0000	1.0000	0.0950	1.0000	0.0000
2.0000	0.0000	1.0000	0.0950	1.0000	0.0000
2.0000	0.0000	1.0000	0.0950	1.0000	0.0000
2.0000	0.0000	1.0000	0.0950	1.0000	0.0000
2.0000	0.0000	1.0000	0.0950	1.0000	0.0000
2.0000	0.0000	1.0000	0.0950	1.0000	0.0000
2.0000	0.0000	1.0000	0.0950	1.0000	0.0000
2.0000	0.0000	1.0000	0.0950	1.0000	0.0000
2.0000	0.0000	1.0000	0.0950	1.0000	0.0000
2.0000	0.0000	1.0000	0.0950	1.0000	0.0000
2.0000	0.0000	1.0000	0.0950	1.0000	0.0000
2.0000	0.0000	1.0000	0.0950	1.0000	0.0000
2.0000	0.0000	1.0000	0.0950	1.0000	0.0000
2.0000	0.0000	1.0000	0.0950	1.0000	0.0000
2.0000	0.0000	1.0000	0.0950	1.0000	0.0000
2.0000	0.0000	1.0000	0.0950	1.0000	0.0000
2.0000	0.0000	1.0000	0.0950	1.0000	0.0000
2.0000	0.0000	1.0000	0.0950	1.0000	0.0000
2.0000	0.0000	1.0000	0.0950	1.0000	0.0000
2.0000	0.0000	1.0000	0.0950	1.0000	0.0000
2.0000	0.0000	1.0000	0.0950	1.0000	0.0000
2.0000	0.0000	1.0000	0.0950	1.0000	0.0000
2.0000	0.0000	1.0000	0.0950	1.0000	0.0000
2.0000	0.0000	1.0000	0.0950	1.0000	0.0000
2.0000	0.0000	1.0000	0.0950	1.0000	0.0000
2.0000	0.0000	1.0000	0.0950	1.0000	0.0000
2.0000	0.0000	1.0000	0.0950	1.0000	0.0000
2.0000	0.0000	1.0000	0.0950	1.0000	0.0000
2.0000	0.0000	1.0000	0.0950	1.0000	0.0000
2.0000	0.0000	1.0000	0.0950	1.0000	0.0000
2.0000	0.0000	1.0000	0.0950	1.0000	0.0000
2.0000	0.0000	1.0000	0.0950	1.0000	0.0000
2.0000	0.0000	1.0000	0.0950	1.0000	0.0000
2.0000	0.0000	1.0000	0.0950	1.0000	0.0000
2.0000	0.0000	1.0000	0.0950	1.0000	0.0000
2.0000	0.0000	1.0000	0.0950	1.0000	0.0000
2.0000	0.0000	1.0000	0.0950	1.0000	0.0000
2.0000	0.0000	1.0000	0.0950	1.0000	0.0000
2.0000	0.0000	1.0000	0.0950	1.0000	0.0000
2.0000	0.0000	1.0000	0.0950	1.0000	0.0000
2.0000	0.0000	1.0000	0.0950	1.0000	0.0000
2.0000	0.0000	1.0000	0.0950	1.0000	0.0000
2.0000	0.0000	1.0000	0.0950	1.0000	0.0000
2.0000	0.0000	1.0000	0.0950	1.0000	0.0000
2.0000	0.0000	1.0000	0.0950	1.0000	0.0000
2.0000	0.0000	1.0000	0.0950	1.0000	0.0000
2.0000	0.0000	1.0000	0.0950	1.0000	0.0000
2.0000	0.0000	1.0000	0.0950	1.0000	0.0000
2.0000	0.0000	1.0000	0.0950	1.0000	0.0000
2.0000	0.0000	1.0000	0.0950	1.0000	0.0000
2.0000	0.0000	1.0000	0.0950	1.0000	0.0000
2.0000	0.0000	1.0000	0.0950	1.0000	0.0000
2.0000	0.0000	1.0000	0.0950	1.0000	0.0000
2.0000	0.0000	1.0000	0.0950	1.0000	0.0000
2.0000	0.0000	1.0000	0.0950	1.0000	0.0000
2.0000	0.0000	1.0000	0.0950	1.0000	0.0000
2.0000	0.0000	1.0000	0.0950	1.0000	0.0000
2.0000	0.0000	1.0000	0.0950	1.0000	0.0000
2.0000	0.0000	1.0000	0.0950	1.0000	0.0000
2.0000	0.0000	1.0000	0.0950	1.0000	0.0000
2.0000	0.0000	1.0000	0.0950	1.0000	0.0000
2.0000	0.0000	1.0000	0.0950	1.0000	0.0000
2.0000	0.0000	1.0000	0.0950	1.0000	0.0000
2.0000	0.0000	1.0000	0.0950	1.0000	0.0000
2.0000	0.0000	1.0000	0.0950	1.0000	0.0000
2.0000	0.0000	1.0000	0.0950	1.0000	0.0000
2.0000	0.0000	1.0000	0.0950	1.0000	0.0000
2.0000	0.0000	1.0000	0.0950	1.0000	0.0000
2.0000	0.0000	1.0000	0.0950	1.0000	0.0000
2.0000	0.0000	1.0000	0.0950	1.0000	0.0000
2.0000	0.0000	1.0000	0.0950	1.0000	0.0000
2.0000	0.0000	1.0000	0.0950	1.0000	0.0000
2.0000	0.0000	1.0000	0.0950	1.0000	0.0000
2.0000	0.0000	1.0000	0.0950	1.0000	0.0000
2.0000	0.0000	1.0000	0.0950	1.0000	0.0000
2.0000	0.0000	1.0000	0.0950	1.0000	0.0000
2.0000	0.0000	1.0000	0.0950	1.0000	0.0000
2.0000	0.0000	1.0000	0.0950	1.0000	0.0000
2.0000	0.0000	1.0000	0.0950	1.0000	0.0000
2.0000	0.0000	1.0000	0.0950	1.0000	0.0000
2.0000	0.0000	1.0000	0.0950	1.0000	0.0000
2.0000	0.0000	1.0000	0.0950	1.0000	0.0000
2.0000	0.0000	1.0000	0.0950	1.0000	0.0000
2.0000	0.0000	1.0000	0.0950	1.0000	0.0000
2.0000	0.0000	1.0000	0.0950	1.0000	0.0000
2.0000	0.0000	1.0000	0.0950	1.0000	0.0000
2.0000	0.0000	1.0000	0.0950	1.0000	0.0000
2.0000	0.0000	1.0000	0.0950	1.0000	0.0000
2.0000	0.0000	1.0000	0.0950	1.0000	0.0000
2.0000	0.0000	1.0000	0.0950	1.0000	0.0000
2.0000	0.0000	1.0000	0.0950	1.0000	0.0000
2.0000	0.0000	1.0000	0.0950	1.0000	0.0000
2.0000	0.0000	1.0000	0.0950	1.0000	0.0000
2.0000	0.0000	1.0000	0.0950	1.0000	0.0000
2.0000	0.0000	1.0000	0.0950	1.0000	0.0000
2.0000	0.0000	1.0000	0.0950	1.0000	0.0000
2.0000	0.0000	1.0000	0.0950	1.0000	0.0000
2.0000	0.0000	1.0000	0.0950	1.0000	0.0000
2.0000	0.0000	1.0000	0.0950	1.0000	0.0000
2.0000	0.0000	1.0000	0.0950	1.0000	0.0000
2.0000	0.0000	1.0000	0.0950	1.0000	0.0000
2.0000	0.0000	1.0000	0.0950	1.0000	0.0000
2.0000	0.0000	1.0000	0.0950	1.0000	0.0000
2.0000	0.0000	1.0000	0.0950	1.0000	0.0000
2.0000	0.0000	1.0000	0.0950	1.0000	0.0000
2.0000	0.0000	1.0000	0.0950	1.0000	0.0000
2.0000	0.0000	1.0000	0.0950	1.0000	0.0000
2.0000	0.0000	1.0000	0.0950	1.0000	0.0000
2.0000	0.0000	1.0000	0.0950	1.0000	0.0000
2.0000	0.0000	1.0000	0.0950	1.0000	0.0000
2.0000	0.0000	1.0000	0.0950	1.0000	0.0000
2.0000	0.0000	1.0000	0.0950	1.0000	0.0000
2.0000	0.0000	1.0000	0.0950	1.0000	0.0000
2.0000	0.0000	1.0000	0.0950	1.0000	0.0000
2.0000	0.0000	1.0000	0.0950	1.0000	0.0000
2.0000	0.0000	1.0000	0.0950	1.0000	0.0000
2.0000	0.0000	1.0000	0.0950	1.0000	0.0000
2.0000	0.0000	1.0000	0.0950	1.0000	0.0000
2.0000	0.0000	1.0000	0.0950	1.0000	0.0000
2.0000	0.0000	1.0000	0.0950	1.0000	0.0000
2.0000	0.0000	1.0000	0.0950	1.0000	0.0000
19	27
2.0000	0.0000	1.0000	0.0800	1.0000	0.0000
2.0000	0.0000	1.0000	0.0800	1.0000	0.0000
2.0000	0.0000	1.0000	0.0800	1.0000	0.0000
2.0000	0.0000	1.0000	0.0800	1.0000	0.0000
2.0000	0.0000	1.0000	0.0800	1.0000	0.0000
2.0000	0.0000	1.0000	0.0800	1.0000	0.0000
2.0000	0.0000	1.0000	0.0800	1.0000	0.0000
2.0000	0.0000	1.0000	0.0800	1.0000	0.0000
2.0000	0.0000	1.0000	0.0800	1.0000	0.0000
2.0000	0.0000	1.0000	0.0800	1.0000	0.0000
2.0000	0.0000	1.0000	0.0800	1.0000	0.0000
2.0000	0.0000	1.0000	0.0800	1.0000	0.0000
2.0000	0.0000	1.0000	0.0800	1.0000	0.0000
2.0000	0.0000	1.0000	0.0800	1.0000	0.0000
2.0000	0.0000	1.0000	0.0800	1.0000	0.0000
2.0000	0.0000	1.0000	0.0800	1.0000	0.0000
2.0000	0.0000	1.0000	0.0800	1.0000	0.0000
2.0000	0.0000	1.0000	0.0800	1.0000	0.0000
2.0000	0.0000	1.0000	0.0800	1.0000	0.0000
2.0000	0.0000	1.0000	0.0800	1.0000	0.0000
2.0000	0.0000	1.0000	0.0800	1.0000	0.0000
2.0000	0.0000	1.0000	0.0800	1.0000	0.0000
2.0000	0.0000	1.0000	0.0800	1.0000	0.0000
2.0000	0.0000	1.0000	0.0800	1.0000	0.0000
2.0000	0.0000	1.0000	0.0800	1.0000	0.0000
2.0000	0.0000	1.0000	0.0800	1.0000	0.0000
2.0000	0.0000	1.0000	0.0800	1.0000	0.0000
20	26
1.0000	0.0000	0.3500	0.0800	1.0000	0.0000
1.0000	0.0000	0.3500	0.0800	1.0000	0.0000
1.0000	0.0000	0.3500	0.0800	1.0000	0.0000
1.0000	0.0000	0.3500	0.0800	1.0000	0.0000
1.0000	0.0000	0.3500	0.0800	1.0000	0.0000
1.0000	0.0000	0.3500	0.0800	1.0000	0.0000
1.0000	0.0000	0.3500	0.0800	1.0000	0.0000
1.0000	0.0000	0.3500	0.0800	1.0000	0.0000
1.0000	0.0000	0.3500	0.0800	1.0000	0.0000
1.0000	0.0000	0.3500	0.0800	1.0000	0.0000
1.0000	0.0000	0.3500	0.0800	1.0000	0.0000
1.0000	0.0000	0.3500	0.0800	1.0000	0.0000
1.0000	0.0000	0.3500	0.0800	1.0000	0.0000
1.0000	0.0000	0.3500	0.0800	1.0000	0.0000
1.0000	0.0000	0.3500	0.0800	1.0000	0.0000
1.0000	0.0000	0.3500	0.0800	1.0000	0.0000
1.0000	0.0000	0.3500	0.0800	1.0000	0.0000
1.0000	0.0000	0.3500	0.0800	1.0000	0.0000
1.0000	0.0000	0.3500	0.0800	1.0000	0.0000
1.0000	0.0000	0.3500	0.0800	1.0000	0.0000
1.0000	0.0000	0.3500	0.0800	1.0000	0.0000
1.0000	0.0000	0.3500	0.0800	1.0000	0.0000
1.0000	0.0000	0.3500	0.0800	1.0000	0.0000
1.0000	0.0000	0.3500	0.0800	1.0000	0.0000
1.0000	0.0000	0.3500	0.0800	1.0000	0.0000
1.0000	0.0000	0.3500	0.0800	1.0000	0.0000
21	112
2.0000	0.0000	1.0000	0.0950	1.0000	0.0000
2.0000	0.0000	1.0000	0.0950	1.0000	0.0000
2.0000	0.0000	1.0000	0.0950	1.0000	0.0000
2.0000	0.0000	1.0000	0.0950	1.0000	0.0000
2.0000	0.0000	1.0000	0.0950	1.0000	0.0000
2.0000	0.0000	1.0000	0.0950	1.0000	0.0000
2.0000	0.0000	1.0000	0.0950	1.0000	0.0000
2.0000	0.0000	1.0000	0.0950	1.0000	0.0000
2.0000	0.0000	1.0000	0.0950	1.0000	0.0000
2.0000	0.0000	1.0000	0.0950	1.0000	0.0000
2.0000	0.0000	1.0000	0.0950	1.0000	0.0000
2.0000	0.0000	1.0000	0.0950	1.0000	0.0000
2.0000	0.0000	1.0000	0.0950	1.0000	0.0000
2.0000	0.0000	1.0000	0.0950	1.0000	0.0000
2.0000	0.0000	1.0000	0.0950	1.0000	0.0000
2.0000	0.0000	1.0000	0.0950	1.0000	0.0000
2.0000	0.0000	1.0000	0.0950	1.0000	0.0000
2.0000	0.0000	1.0000	0.0950	1.0000	0.0000
2.0000	0.0000	1.0000	0.0950	1.0000	0.0000
2.0000	0.0000	1.0000	0.0950	1.0000	0.0000
2.0000	0.0000	1.0000	0.0950	1.0000	0.0000
2.0000	0.0000	1.0000	0.0950	1.0000	0.0000
2.0000	0.0000	1.0000	0.0950	1.0000	0.0000
2.0000	0.0000	1.0000	0.0950	1.0000	0.0000
2.0000	0.0000	1.0000	0.0950	1.0000	0.0000
2.0000	0.0000	1.0000	0.0950	1.0000	0.0000
2.0000	0.0000	1.0000	0.0950	1.0000	0.0000
2.0000	0.0000	1.0000	0.0950	1.0000	0.0000
2.0000	0.0000	1.0000	0.0950	1.0000	0.0000
2.0000	0.0000	1.0000	0.0950	1.0000	0.0000
2.0000	0.0000	1.0000	0.0950	1.0000	0.0000
2.0000	0.0000	1.0000	0.0950	1.0000	0.0000
2.0000	0.0000	1.0000	0.0950	1.0000	0.0000
2.0000	0.0000	1.0000	0.0950	1.0000	0.0000
2.0000	0.0000	1.0000	0.0950	1.0000	0.0000
2.0000	0.0000	1.0000	0.0950	1.0000	0.0000
2.0000	0.0000	1.0000	0.0950	1.0000	0.0000
2.0000	0.0000	1.0000	0.0950	1.0000	0.0000
2.0000	0.0000	1.0000	0.0950	1.0000	0.0000
2.0000	0.0000	1.0000	0.0950	1.0000	0.0000
2.0000	0.0000	1.0000	0.0950	1.0000	0.0000
2.0000	0.0000	1.0000	0.0950	1.0000	0.0000
2.0000	0.0000	1.0000	0.0950	1.0000	0.0000
2.0000	0.0000	1.0000	0.0950	1.0000	0.0000
2.0000	0.0000	1.0000	0.0950	1.0000	0.0000
2.0000	0.0000	1.0000	0.0950	1.0000	0.0000
2.0000	0.0000	1.0000	0.0950	1.0000	0.0000
2.0000	0.0000	1.0000	0.0950	1.0000	0.0000
2.0000	0.0000	1.0000	0.0950	1.0000	0.0000
2.0000	0.0000	1.0000	0.0950	1.0000	0.0000
2.0000	0.0000	1.0000	0.0950	1.0000	0.0000
2.0000	0.0000	1.0000	0.0950	1.0000	0.0000
2.0000	0.0000	1.0000	0.0950	1.0000	0.0000
2.0000	0.0000	1.0000	0.0950	1.0000	0.0000
2.0000	0.0000	1.0000	0.0950	1.0000	0.0000
2.0000	0.0000	1.0000	0.0950	1.0000	0.0000
2.0000	0.0000	1.0000	0.0950	1.0000	0.0000
2.0000	0.0000	1.0000	0.0950	1.0000	0.0000
2.0000	0.0000	1.0000	0.0950	1.0000	0.0000
2.0000	0.0000	1.0000	0.0950	1.0000	0.0000
2.0000	0.0000	1.0000	0.0950	1.0000	0.0000
2.0000	0.0000	1.0000	0.0950	1.0000	0.0000
2.0000	0.0000	1.0000	0.0950	1.0000	0.0000
2.0000	0.0000	1.0000	0.0950	1.0000	0.0000
2.0000	0.0000	1.0000	0.0950	1.0000	0.0000
2.0000	0.0000	1.0000	0.0950	1.0000	0.0000
2.0000	0.0000	1.0000	0.0950	1.0000	0.0000
2.0000	0.0000	1.0000	0.0950	1.0000	0.0000
2.0000	0.0000	1.0000	0.0950	1.0000	0.0000
2.0000	0.0000	1.0000	0.0950	1.0000	0.0000
2.0000	0.0000	1.0000	0.0950	1.0000	0.0000
2.0000	0.0000	1.0000	0.0950	1.0000	0.0000
2.0000	0.0000	1.0000	0.0950	1.0000	0.0000
2.0000	0.0000	1.0000	0.0950	1.0000	0.0000
2.0000	0.0000	1.0000	0.0950	1.0000	0.0000
2.0000	0.0000	1.0000	0.0950	1.0000	0.0000
2.0000	0.0000	1.0000	0.0950	1.0000	0.0000
2.0000	0.0000	1.0000	0.0950	1.0000	0.0000
2.0000	0.0000	1.0000	0.0950	1.0000	0.0000
2.0000	0.0000	1.0000	0.0950	1.0000	0.0000
2.0000	0.0000	1.0000	0.0950	1.0000	0.0000
2.0000	0.0000	1.0000	0.0950	1.0000	0.0000
2.0000	0.0000	1.0000	0.0950	1.0000	0.0000
2.0000	0.0000	1.0000	0.0950	1.0000	0.0000
2.0000	0.0000	1.0000	0.0950	1.0000	0.0000
2.0000	0.0000	1.0000	0.0950	1.0000	0.0000
2.0000	0.0000	1.0000	0.0950	1.0000	0.0000
2.0000	0.0000	1.0000	0.0950	1.0000	0.0000
2.0000	0.0000	1.0000	0.0950	1.0000	0.0000
2.0000	0.0000	1.0000	0.0950	1.0000	0.0000
2.0000	0.0000	1.0000	0.0950	1.0000	0.0000
2.0000	0.0000	1.0000	0.0950	1.0000	0.0000
2.0000	0.0000	1.0000	0.0950	1.0000	0.0000
2.0000	0.0000	1.0000	0.0950	1.0000	0.0000
2.0000	0.0000	1.0000	0.0950	1.0000	0.0000
2.0000	0.0000	1.0000	0.0950	1.0000	0.0000
2.0000	0.0000	1.0000	0.0950	1.0000	0.0000
2.0000	0.0000	1.0000	0.0950	1.0000	0.0000
2.0000	0.0000	1.0000	0.0950	1.0000	0.0000
2.0000	0.0000	1.0000	0.0950	1.0000	0.0000
2.0000	0.0000	1.0000	0.0950	1.0000	0.0000
2.0000	0.0000	1.0000	0.0950	1.0000	0.0000
2.0000	0.0000	1.0000	0.0950	1.0000	0.0000
2.0000	0.0000	1.0000	0.0950	1.0000	0.0000
2.0000	0.0000	1.0000	0.0950	1.0000	0.0000
2.0000	0.0000	1.0000	0.0950	1.0000	0.0000
2.0000	0.0000	1.0000	0.0950	1.0000	0.0000
2.0000	0.0000	1.0000	0.0950	1.0000	0.0000
2.0000	0.0000	1.0000	0.0950	1.0000	0.0000
2.0000	0.0000	1.0000	0.0950	1.0000	0.0000
2.0000	0.0000	1.0000	0.0950	1.0000	0.0000
2.0000	0.0000	1.0000	0.0950	1.0000	0.0000
22	41
1.0000	0.0000	0.3500	0.0800	1.0000	0.0000
1.0000	0.0000	0.3500	0.0800	1.0000	0.0000
1.0000	0.0000	0.3500	0.0800	1.0000	0.0000
1.0000	0.0000	0.3500	0.0800	1.0000	0.0000
1.0000	0.0000	0.3500	0.0800	1.0000	0.0000
1.0000	0.0000	0.3500	0.0800	1.0000	0.0000
1.0000	0.0000	0.3500	0.0800	1.0000	0.0000
1.0000	0.0000	0.3500	0.0800	1.0000	0.0000
1.0000	0.0000	0.3500	0.0800	1.0000	0.0000
1.0000	0.0000	0.3500	0.0800	1.0000	0.0000
1.0000	0.0000	0.3500	0.0800	1.0000	0.0000
1.0000	0.0000	0.3500	0.0800	1.0000	0.0000
1.0000	0.0000	0.3500	0.0800	1.0000	0.0000
1.0000	0.0000	0.3500	0.0800	1.0000	0.0000
1.0000	0.0000	0.3500	0.0800	1.0000	0.0000
1.0000	0.0000	0.3500	0.0800	1.0000	0.0000
1.0000	0.0000	0.3500	0.0800	1.0000	0.0000
1.0000	0.0000	0.3500	0.0800	1.0000	0.0000
1.0000	0.0000	0.3500	0.0800	1.0000	0.0000
1.0000	0.0000	0.3500	0.0800	1.0000	0.0000
1.0000	0.0000	0.3500	0.0800	1.0000	0.0000
1.0000	0.0000	0.3500	0.0800	1.0000	0.0000
1.0000	0.0000	0.3500	0.0800	1.0000	0.0000
1.0000	0.0000	0.3500	0.0800	1.0000	0.0000
1.0000	0.0000	0.3500	0.0800	1.0000	0.0000
1.0000	0.0000	0.3500	0.0800	1.0000	0.0000
1.0000	0.0000	0.3500	0.0800	1.0000	0.0000
1.0000	0.0000	0.3500	0.0800	1.0000	0.0000
1.0000	0.0000	0.3500	0.0800	1.0000	0.0000
1.0000	0.0000	0.3500	0.0800	1.0000	0.0000
1.0000	0.0000	0.3500	0.0800	1.0000	0.0000
1.0000	0.0000	0.3500	0.0800	1.0000	0.0000
1.0000	0.0000	0.3500	0.0800	1.0000	0.0000
1.0000	0.0000	0.3500	0.0800	1.0000	0.0000
1.0000	0.0000	0.3500	0.0800	1.0000	0.0000
1.0000	0.0000	0.3500	0.0800	1.0000	0.0000
1.0000	0.0000	0.3500	0.0800	1.0000	0.0000
1.0000	0.0000	0.3500	0.0800	1.0000	0.0000
1.0000	0.0000	0.3500	0.0800	1.0000	0.0000
1.0000	0.0000	0.3500	0.0800	1.0000	0.0000
1.0000	0.0000	0.3500	0.0800	1.0000	0.0000
23	59
2.0000	0.0000	1.0000	0.0950	1.0000	0.0000
2.0000	0.0000	1.0000	0.0950	1.0000	0.0000
2.0000	0.0000	1.0000	0.0950	1.0000	0.0000
2.0000	0.0000	1.0000	0.0950	1.0000	0.0000
2.0000	0.0000	1.0000	0.0950	1.0000	0.0000
2.0000	0.0000	1.0000	0.0950	1.0000	0.0000
2.0000	0.0000	1.0000	0.0950	1.0000	0.0000
2.0000	0.0000	1.0000	0.0950	1.0000	0.0000
2.0000	0.0000	1.0000	0.0950	1.0000	0.0000
2.0000	0.0000	1.0000	0.0950	1.0000	0.0000
2.0000	0.0000	1.0000	0.0950	1.0000	0.0000
2.0000	0.0000	1.0000	0.0950	1.0000	0.0000
2.0000	0.0000	1.0000	0.0950	1.0000	0.0000
2.0000	0.0000	1.0000	0.0950	1.0000	0.0000
2.0000	0.0000	1.0000	0.0950	1.0000	0.0000
2.0000	0.0000	1.0000	0.0950	1.0000	0.0000
2.0000	0.0000	1.0000	0.0950	1.0000	0.0000
2.0000	0.0000	1.0000	0.0950	1.0000	0.0000
2.0000	0.0000	1.0000	0.0950	1.0000	0.0000
2.0000	0.0000	1.0000	0.0950	1.0000	0.0000
2.0000	0.0000	1.0000	0.0950	1.0000	0.0000
2.0000	0.0000	1.0000	0.0950	1.0000	0.0000
2.0000	0.0000	1.0000	0.0950	1.0000	0.0000
2.0000	0.0000	1.0000	0.0950	1.0000	0.0000
2.0000	0.0000	1.0000	0.0950	1.0000	0.0000
2.0000	0.0000	1.0000	0.0950	1.0000	0.0000
2.0000	0.0000	1.0000	0.0950	1.0000	0.0000
2.0000	0.0000	1.0000	0.0950	1.0000	0.0000
2.0000	0.0000	1.0000	0.0950	1.0000	0.0000
2.0000	0.0000	1.0000	0.0950	1.0000	0.0000
2.0000	0.0000	1.0000	0.0950	1.0000	0.0000
2.0000	0.0000	1.0000	0.0950	1.0000	0.0000
2.0000	0.0000	1.0000	0.0950	1.0000	0.0000
2.0000	0.0000	1.0000	0.0950	1.0000	0.0000
2.0000	0.0000	1.0000	0.0950	1.0000	0.0000
2.0000	0.0000	1.0000	0.0950	1.0000	0.0000
2.0000	0.0000	1.0000	0.0950	1.0000	0.0000
2.0000	0.0000	1.0000	0.0950	1.0000	0.0000
2.0000	0.0000	1.0000	0.0950	1.0000	0.0000
2.0000	0.0000	1.0000	0.0950	1.0000	0.0000
2.0000	0.0000	1.0000	0.0950	1.0000	0.0000
2.0000	0.0000	1.0000	0.0950	1.0000	0.0000
2.0000	0.0000	1.0000	0.0950	1.0000	0.0000
2.0000	0.0000	1.0000	0.0950	1.0000	0.0000
2.0000	0.0000	1.0000	0.0950	1.0000	0.0000
2.0000	0.0000	1.0000	0.0950	1.0000	0.0000
2.0000	0.0000	1.0000	0.0950	1.0000	0.0000
2.0000	0.0000	1.0000	0.0950	1.0000	0.0000
2.0000	0.0000	1.0000	0.0950	1.0000	0.0000
2.0000	0.0000	1.0000	0.0950	1.0000	0.0000
2.0000	0.0000	1.0000	0.0950	1.0000	0.0000
2.0000	0.0000	1.0000	0.0950	1.0000	0.0000
2.0000	0.0000	1.0000	0.0950	1.0000	0.0000
2.0000	0.0000	1.0000	0.0950	1.0000	0.0000
2.0000	0.0000	1.0000	0.0950	1.0000	0.0000
2.0000	0.0000	1.0000	0.0950	1.0000	0.0000
2.0000	0.0000	1.0000	0.0950	1.0000	0.0000
2.0000	0.0000	1.0000	0.0950	1.0000	0.0000
2.0000	0.0000	1.0000	0.0950	1.0000	0.0000
24	113
1.0000	0.0000	0.3500	0.0800	1.0000	0.0000
1.0000	0.0000	0.3500	0.0800	1.0000	0.0000
1.0000	0.0000	0.3500	0.0800	1.0000	0.0000
1.0000	0.0000	0.3500	0.0800	1.0000	0.0000
1.0000	0.0000	0.3500	0.0800	1.0000	0.0000
1.0000	0.0000	0.3500	0.0800	1.0000	0.0000
1.0000	0.0000	0.3500	0.0800	1.0000	0.0000
1.0000	0.0000	0.3500	0.0800	1.0000	0.0000
1.0000	0.0000	0.3500	0.0800	1.0000	0.0000
1.0000	0.0000	0.3500	0.0800	1.0000	0.0000
1.0000	0.0000	0.3500	0.0800	1.0000	0.0000
1.0000	0.0000	0.3500	0.0800	1.0000	0.0000
1.0000	0.0000	0.3500	0.0800	1.0000	0.0000
1.0000	0.0000	0.3500	0.0800	1.0000	0.0000
1.0000	0.0000	0.3500	0.0800	1.0000	0.0000
1.0000	0.0000	0.3500	0.0800	1.0000	0.0000
1.0000	0.0000	0.3500	0.0800	1.0000	0.0000
1.0000	0.0000	0.3500	0.0800	1.0000	0.0000
1.0000	0.0000	0.3500	0.0800	1.0000	0.0000
1.0000	0.0000	0.3500	0.0800	1.0000	0.0000
1.0000	0.0000	0.3500	0.0800	1.0000	0.0000
1.0000	0.0000	0.3500	0.0800	1.0000	0.0000
1.0000	0.0000	0.3500	0.0800	1.0000	0.0000
1.0000	0.0000	0.3500	0.0800	1.0000	0.0000
1.0000	0.0000	0.3500	0.0800	1.0000	0.0000
1.0000	0.0000	0.3500	0.0800	1.0000	0.0000
1.0000	0.0000	0.3500	0.0800	1.0000	0.0000
1.0000	0.0000	0.3500	0.0800	1.0000	0.0000
1.0000	0.0000	0.3500	0.0800	1.0000	0.0000
1.0000	0.0000	0.3500	0.0800	1.0000	0.0000
1.0000	0.0000	0.3500	0.0800	1.0000	0.0000
1.0000	0.0000	0.3500	0.0800	1.0000	0.0000
1.0000	0.0000	0.3500	0.0800	1.0000	0.0000
1.0000	0.0000	0.3500	0.0800	1.0000	0.0000
1.0000	0.0000	0.3500	0.0800	1.0000	0.0000
1.0000	0.0000	0.3500	0.0800	1.0000	0.0000
1.0000	0.0000	0.3500	0.0800	1.0000	0.0000
1.0000	0.0000	0.3500	0.0800	1.0000	0.0000
1.0000	0.0000	0.3500	0.0800	1.0000	0.0000
1.0000	0.0000	0.3500	0.0800	1.0000	0.0000
1.0000	0.0000	0.3500	0.0800	1.0000	0.0000
1.0000	0.0000	0.3500	0.0800	1.0000	0.0000
1.0000	0.0000	0.3500	0.0800	1.0000	0.0000
1.0000	0.0000	0.3500	0.0800	1.0000	0.0000
1.0000	0.0000	0.3500	0.0800	1.0000	0.0000
1.0000	0.0000	0.3500	0.0800	1.0000	0.0000
1.0000	0.0000	0.3500	0.0800	1.0000	0.0000
1.0000	0.0000	0.3500	0.0800	1.0000	0.0000
1.0000	0.0000	0.3500	0.0800	1.0000	0.0000
1.0000	0.0000	0.3500	0.0800	1.0000	0.0000
1.0000	0.0000	0.3500	0.0800	1.0000	0.0000
1.0000	0.0000	0.3500	0.0800	1.0000	0.0000
1.0000	0.0000	0.3500	0.0800	1.0000	0.0000
1.0000	0.0000	0.3500	0.0800	1.0000	0.0000
1.0000	0.0000	0.3500	0.0800	1.0000	0.0000
1.0000	0.0000	0.3500	0.0800	1.0000	0.0000
1.0000	0.0000	0.3500	0.0800	1.0000	0.0000
1.0000	0.0000	0.3500	0.0800	1.0000	0.0000
1.0000	0.0000	0.3500	0.0800	1.0000	0.0000
1.0000	0.0000	0.3500	0.0800	1.0000	0.0000
1.0000	0.0000	0.3500	0.0800	1.0000	0.0000
1.0000	0.0000	0.3500	0.0800	1.0000	0.0000
1.0000	0.0000	0.3500	0.0800	1.0000	0.0000
1.0000	0.0000	0.3500	0.0800	1.0000	0.0000
1.0000	0.0000	0.3500	0.0800	1.0000	0.0000
1.0000	0.0000	0.3500	0.0800	1.0000	0.0000
1.0000	0.0000	0.3500	0.0800	1.0000	0.0000
1.0000	0.0000	0.3500	0.0800	1.0000	0.0000
1.0000	0.0000	0.3500	0.0800	1.0000	0.0000
1.0000	0.0000	0.3500	0.0800	1.0000	0.0000
1.0000	0.0000	0.3500	0.0800	1.0000	0.0000
1.0000	0.0000	0.3500	0.0800	1.0000	0.0000
1.0000	0.0000	0.3500	0.0800	1.0000	0.0000
1.0000	0.0000	0.3500	0.0800	1.0000	0.0000
1.0000	0.0000	0.3500	0.0800	1.0000	0.0000
1.0000	0.0000	0.3500	0.0800	1.0000	0.0000
1.0000	0.0000	0.3500	0.0800	1.0000	0.0000
1.0000	0.0000	0.3500	0.0800	1.0000	0.0000
1.0000	0.0000	0.3500	0.0800	1.0000	0.0000
1.0000	0.0000	0.3500	0.0800	1.0000	0.0000
1.0000	0.0000	0.3500	0.0800	1.0000	0.0000
1.0000	0.0000	0.3500	0.0800	1.0000	0.0000
1.0000	0.0000	0.3500	0.0800	1.0000	0.0000
1.0000	0.0000	0.3500	0.0800	1.0000	0.0000
1.0000	0.0000	0.3500	0.0800	1.0000	0.0000
1.0000	0.0000	0.3500	0.0800	1.0000	0.0000
1.0000	0.0000	0.3500	0.0800	1.0000	0.0000
1.0000	0.0000	0.3500	0.0800	1.0000	0.0000
1.0000	0.0000	0.3500	0.0800	1.0000	0.0000
1.0000	0.0000	0.3500	0.0800	1.0000	0.0000
1.0000	0.0000	0.3500	0.0800	1.0000	0.0000
1.0000	0.0000	0.3500	0.0800	1.0000	0.0000
1.0000	0.0000	0.3500	0.0800	1.0000	0.0000
1.0000	0.0000	0.3500	0.0800	1.0000	0.0000
1.0000	0.0000	0.3500	0.0800	1.0000	0.0000
1.0000	0.0000	0.3500	0.0800	1.0000	0.0000
1.0000	0.0000	0.3500	0.0800	1.0000	0.0000
1.0000	0.0000	0.3500	0.0800	1.0000	0.0000
1.0000	0.0000	0.3500	0.0800	1.0000	0.0000
1.0000	0.0000	0.3500	0.0800	1.0000	0.0000
1.0000	0.0000	0.3500	0.0800	1.0000	0.0000
1.0000	0.0000	0.3500	0.0800	1.0000	0.0000
1.0000	0.0000	0.3500	0.0800	1.0000	0.0000
1.0000	0.0000	0.3500	0.0800	1.0000	0.0000
1.0000	0.0000	0.3500	0.0800	1.0000	0.0000
1.0000	0.0000	0.3500	0.0800	1.0000	0.0000
1.0000	0.0000	0.3500	0.0800	1.0000	0.0000
1.0000	0.0000	0.3500	0.0800	1.0000	0.0000
1.0000	0.0000	0.3500	0.0800	1.0000	0.0000
1.0000	0.0000	0.3500	0.0800	1.0000	0.0000
1.0000	0.0000	0.3500	0.0800	1.0000	0.0000
1.0000	0.0000	0.3500	0.0800	1.0000	0.0000
1.0000	0.0000	0.3500	0.0800	1.0000	0.0000
25	23
1.0000	0.0000	0.3500	0.0800	1.0000	0.0000
1.0000	0.0000	0.3500	0.0800	1.0000	0.0000
1.0000	0.0000	0.3500	0.0800	1.0000	0.0000
1.0000	0.0000	0.3500	0.0800	1.0000	0.0000
1.0000	0.0000	0.3500	0.0800	1.0000	0.0000
1.0000	0.0000	0.3500	0.0800	1.0000	0.0000
1.0000	0.0000	0.3500	0.0800	1.0000	0.0000
1.0000	0.0000	0.3500	0.0800	1.0000	0.0000
1.0000	0.0000	0.3500	0.0800	1.0000	0.0000
1.0000	0.0000	0.3500	0.0800	1.0000	0.0000
1.0000	0.0000	0.3500	0.0800	1.0000	0.0000
1.0000	0.0000	0.3500	0.0800	1.0000	0.0000
1.0000	0.0000	0.3500	0.0800	1.0000	0.0000
1.0000	0.0000	0.3500	0.0800	1.0000	0.0000
1.0000	0.0000	0.3500	0.0800	1.0000	0.0000
1.0000	0.0000	0.3500	0.0800	1.0000	0.0000
1.0000	0.0000	0.3500	0.0800	1.0000	0.0000
1.0000	0.0000	0.3500	0.0800	1.0000	0.0000
1.0000	0.0000	0.3500	0.0800	1.0000	0.0000
1.0000	0.0000	0.3500	0.0800	1.0000	0.0000
1.0000	0.0000	0.3500	0.0800	1.0000	0.0000
1.0000	0.0000	0.3500	0.0800	1.0000	0.0000
1.0000	0.0000	0.3500	0.0800	1.0000	0.0000