Channel Transmission Property File: khsed, capshsed, sedmd (Cal Gulch, 30m)
CHANLINKS	25
1	149
0.0e-6   0.0   0.0
0.0e-6   0.0   0.0
0.0e-6   0.0   0.0
0.0e-6   0.0   0.0
0.0e-6   0.0   0.0
0.0e-6   0.0   0.0
0.0e-6   0.0   0.0
0.0e-6   0.0   0.0
0.0e-6   0.0   0.0
0.0e-6   0.0   0.0
0.0e-6   0.0   0.0
0.0e-6   0.0   0.0
0.0e-6   0.0   0.0
0.0e-6   0.0   0.0
0.0e-6   0.0   0.0
0.0e-6   0.0   0.0
0.0e-6   0.0   0.0
0.0e-6   0.0   0.0
0.0e-6   0.0   0.0
0.0e-6   0.0   0.0
0.0e-6   0.0   0.0
0.0e-6   0.0   0.0
0.0e-6   0.0   0.0
0.0e-6   0.0   0.0
0.0e-6   0.0   0.0
0.0e-6   0.0   0.0
0.0e-6   0.0   0.0
0.0e-6   0.0   0.0
0.0e-6   0.0   0.0
0.0e-6   0.0   0.0
0.0e-6   0.0   0.0
0.0e-6   0.0   0.0
0.0e-6   0.0   0.0
0.0e-6   0.0   0.0
0.0e-6   0.0   0.0
0.0e-6   0.0   0.0
0.0e-6   0.0   0.0
0.0e-6   0.0   0.0
0.0e-6   0.0   0.0
0.0e-6   0.0   0.0
0.0e-6   0.0   0.0
0.0e-6   0.0   0.0
0.0e-6   0.0   0.0
0.0e-6   0.0   0.0
0.0e-6   0.0   0.0
0.0e-6   0.0   0.0
0.0e-6   0.0   0.0
0.0e-6   0.0   0.0
0.0e-6   0.0   0.0
0.0e-6   0.0   0.0
0.0e-6   0.0   0.0
0.0e-6   0.0   0.0
0.0e-6   0.0   0.0
0.0e-6   0.0   0.0
0.0e-6   0.0   0.0
0.0e-6   0.0   0.0
0.0e-6   0.0   0.0
0.0e-6   0.0   0.0
0.0e-6   0.0   0.0
0.0e-6   0.0   0.0
0.0e-6   0.0   0.0
0.0e-6   0.0   0.0
0.0e-6   0.0   0.0
0.0e-6   0.0   0.0
0.0e-6   0.0   0.0
0.0e-6   0.0   0.0
0.0e-6   0.0   0.0
0.0e-6   0.0   0.0
0.0e-6   0.0   0.0
0.0e-6   0.0   0.0
0.0e-6   0.0   0.0
0.0e-6   0.0   0.0
0.0e-6   0.0   0.0
0.0e-6   0.0   0.0
0.0e-6   0.0   0.0
0.0e-6   0.0   0.0
0.0e-6   0.0   0.0
0.0e-6   0.0   0.0
0.0e-6   0.0   0.0
0.0e-6   0.0   0.0
0.0e-6   0.0   0.0
0.0e-6   0.0   0.0
0.0e-6   0.0   0.0
0.0e-6   0.0   0.0
0.0e-6   0.0   0.0
0.0e-6   0.0   0.0
0.0e-6   0.0   0.0
0.0e-6   0.0   0.0
0.0e-6   0.0   0.0
0.0e-6   0.0   0.0
0.0e-6   0.0   0.0
0.0e-6   0.0   0.0
0.0e-6   0.0   0.0
0.0e-6   0.0   0.0
0.0e-6   0.0   0.0
0.0e-6   0.0   0.0
0.0e-6   0.0   0.0
0.0e-6   0.0   0.0
0.0e-6   0.0   0.0
0.0e-6   0.0   0.0
0.0e-6   0.0   0.0
0.0e-6   0.0   0.0
0.0e-6   0.0   0.0
0.0e-6   0.0   0.0
0.0e-6   0.0   0.0
0.0e-6   0.0   0.0
0.0e-6   0.0   0.0
0.0e-6   0.0   0.0
0.0e-6   0.0   0.0
0.0e-6   0.0   0.0
0.0e-6   0.0   0.0
0.0e-6   0.0   0.0
0.0e-6   0.0   0.0
0.0e-6   0.0   0.0
0.0e-6   0.0   0.0
0.0e-6   0.0   0.0
0.0e-6   0.0   0.0
0.0e-6   0.0   0.0
0.0e-6   0.0   0.0
0.0e-6   0.0   0.0
0.0e-6   0.0   0.0
0.0e-6   0.0   0.0
0.0e-6   0.0   0.0
0.0e-6   0.0   0.0
0.0e-6   0.0   0.0
0.0e-6   0.0   0.0
0.0e-6   0.0   0.0
0.0e-6   0.0   0.0
0.0e-6   0.0   0.0
0.0e-6   0.0   0.0
0.0e-6   0.0   0.0
0.0e-6   0.0   0.0
0.0e-6   0.0   0.0
0.0e-6   0.0   0.0
0.0e-6   0.0   0.0
0.0e-6   0.0   0.0
0.0e-6   0.0   0.0
0.0e-6   0.0   0.0
0.0e-6   0.0   0.0
0.0e-6   0.0   0.0
0.0e-6   0.0   0.0
0.0e-6   0.0   0.0
0.0e-6   0.0   0.0
0.0e-6   0.0   0.0
0.0e-6   0.0   0.0
0.0e-6   0.0   0.0
0.0e-6   0.0   0.0
0.0e-6   0.0   0.0
0.0e-6   0.0   0.0
2	43
0.0e-6   0.0   0.0
0.0e-6   0.0   0.0
0.0e-6   0.0   0.0
0.0e-6   0.0   0.0
0.0e-6   0.0   0.0
0.0e-6   0.0   0.0
0.0e-6   0.0   0.0
0.0e-6   0.0   0.0
0.0e-6   0.0   0.0
0.0e-6   0.0   0.0
0.0e-6   0.0   0.0
0.0e-6   0.0   0.0
0.0e-6   0.0   0.0
0.0e-6   0.0   0.0
0.0e-6   0.0   0.0
0.0e-6   0.0   0.0
0.0e-6   0.0   0.0
0.0e-6   0.0   0.0
0.0e-6   0.0   0.0
0.0e-6   0.0   0.0
0.0e-6   0.0   0.0
0.0e-6   0.0   0.0
0.0e-6   0.0   0.0
0.0e-6   0.0   0.0
0.0e-6   0.0   0.0
0.0e-6   0.0   0.0
0.0e-6   0.0   0.0
0.0e-6   0.0   0.0
0.0e-6   0.0   0.0
0.0e-6   0.0   0.0
0.0e-6   0.0   0.0
0.0e-6   0.0   0.0
0.0e-6   0.0   0.0
0.0e-6   0.0   0.0
0.0e-6   0.0   0.0
0.0e-6   0.0   0.0
0.0e-6   0.0   0.0
0.0e-6   0.0   0.0
0.0e-6   0.0   0.0
0.0e-6   0.0   0.0
0.0e-6   0.0   0.0
0.0e-6   0.0   0.0
0.0e-6   0.0   0.0
3	29
0.0   0.0   0.0
0.0   0.0   0.0
0.0   0.0   0.0
0.0   0.0   0.0
0.0   0.0   0.0
0.0   0.0   0.0
0.0   0.0   0.0
0.0   0.0   0.0
0.0   0.0   0.0
0.0   0.0   0.0
0.0   0.0   0.0
0.0   0.0   0.0
0.0   0.0   0.0
0.0   0.0   0.0
0.0   0.0   0.0
0.0   0.0   0.0
0.0   0.0   0.0
0.0   0.0   0.0
0.0   0.0   0.0
0.0   0.0   0.0
0.0   0.0   0.0
0.0   0.0   0.0
0.0   0.0   0.0
0.0   0.0   0.0
0.0   0.0   0.0
0.0   0.0   0.0
0.0   0.0   0.0
0.0   0.0   0.0
0.0   0.0   0.0
4	31
0.0   0.0   0.0
0.0   0.0   0.0
0.0   0.0   0.0
0.0   0.0   0.0
0.0   0.0   0.0
0.0   0.0   0.0
0.0   0.0   0.0
0.0   0.0   0.0
0.0   0.0   0.0
0.0   0.0   0.0
0.0   0.0   0.0
0.0   0.0   0.0
0.0   0.0   0.0
0.0   0.0   0.0
0.0   0.0   0.0
0.0   0.0   0.0
0.0   0.0   0.0
0.0   0.0   0.0
0.0   0.0   0.0
0.0   0.0   0.0
0.0   0.0   0.0
0.0   0.0   0.0
0.0   0.0   0.0
0.0   0.0   0.0
0.0   0.0   0.0
0.0   0.0   0.0
0.0   0.0   0.0
0.0   0.0   0.0
0.0   0.0   0.0
0.0   0.0   0.0
0.0   0.0   0.0
5	15
0.0   0.0   0.0
0.0   0.0   0.0
0.0   0.0   0.0
0.0   0.0   0.0
0.0   0.0   0.0
0.0   0.0   0.0
0.0   0.0   0.0
0.0   0.0   0.0
0.0   0.0   0.0
0.0   0.0   0.0
0.0   0.0   0.0
0.0   0.0   0.0
0.0   0.0   0.0
0.0   0.0   0.0
0.0   0.0   0.0
6	65
0.0   0.0   0.0
0.0   0.0   0.0
0.0   0.0   0.0
0.0   0.0   0.0
0.0   0.0   0.0
0.0   0.0   0.0
0.0   0.0   0.0
0.0   0.0   0.0
0.0   0.0   0.0
0.0   0.0   0.0
0.0   0.0   0.0
0.0   0.0   0.0
0.0   0.0   0.0
0.0   0.0   0.0
0.0   0.0   0.0
0.0   0.0   0.0
0.0   0.0   0.0
0.0   0.0   0.0
0.0   0.0   0.0
0.0   0.0   0.0
0.0   0.0   0.0
0.0   0.0   0.0
0.0   0.0   0.0
0.0   0.0   0.0
0.0   0.0   0.0
0.0   0.0   0.0
0.0   0.0   0.0
0.0   0.0   0.0
0.0   0.0   0.0
0.0   0.0   0.0
0.0   0.0   0.0
0.0   0.0   0.0
0.0   0.0   0.0
0.0   0.0   0.0
0.0   0.0   0.0
0.0   0.0   0.0
0.0   0.0   0.0
0.0   0.0   0.0
0.0   0.0   0.0
0.0   0.0   0.0
0.0   0.0   0.0
0.0   0.0   0.0
0.0   0.0   0.0
0.0   0.0   0.0
0.0   0.0   0.0
0.0   0.0   0.0
0.0   0.0   0.0
0.0   0.0   0.0
0.0   0.0   0.0
0.0   0.0   0.0
0.0   0.0   0.0
0.0   0.0   0.0
0.0   0.0   0.0
0.0   0.0   0.0
0.0   0.0   0.0
0.0   0.0   0.0
0.0   0.0   0.0
0.0   0.0   0.0
0.0   0.0   0.0
0.0   0.0   0.0
0.0   0.0   0.0
0.0   0.0   0.0
0.0   0.0   0.0
0.0   0.0   0.0
0.0   0.0   0.0
7	28
0.0   0.0   0.0
0.0   0.0   0.0
0.0   0.0   0.0
0.0   0.0   0.0
0.0   0.0   0.0
0.0   0.0   0.0
0.0   0.0   0.0
0.0   0.0   0.0
0.0   0.0   0.0
0.0   0.0   0.0
0.0   0.0   0.0
0.0   0.0   0.0
0.0   0.0   0.0
0.0   0.0   0.0
0.0   0.0   0.0
0.0   0.0   0.0
0.0   0.0   0.0
0.0   0.0   0.0
0.0   0.0   0.0
0.0   0.0   0.0
0.0   0.0   0.0
0.0   0.0   0.0
0.0   0.0   0.0
0.0   0.0   0.0
0.0   0.0   0.0
0.0   0.0   0.0
0.0   0.0   0.0
0.0   0.0   0.0
8	18
0.0   0.0   0.0
0.0   0.0   0.0
0.0   0.0   0.0
0.0   0.0   0.0
0.0   0.0   0.0
0.0   0.0   0.0
0.0   0.0   0.0
0.0   0.0   0.0
0.0   0.0   0.0
0.0   0.0   0.0
0.0   0.0   0.0
0.0   0.0   0.0
0.0   0.0   0.0
0.0   0.0   0.0
0.0   0.0   0.0
0.0   0.0   0.0
0.0   0.0   0.0
0.0   0.0   0.0
9	76
0.0   0.0   0.0
0.0   0.0   0.0
0.0   0.0   0.0
0.0   0.0   0.0
0.0   0.0   0.0
0.0   0.0   0.0
0.0   0.0   0.0
0.0   0.0   0.0
0.0   0.0   0.0
0.0   0.0   0.0
0.0   0.0   0.0
0.0   0.0   0.0
0.0   0.0   0.0
0.0   0.0   0.0
0.0   0.0   0.0
0.0   0.0   0.0
0.0   0.0   0.0
0.0   0.0   0.0
0.0   0.0   0.0
0.0   0.0   0.0
0.0   0.0   0.0
0.0   0.0   0.0
0.0   0.0   0.0
0.0   0.0   0.0
0.0   0.0   0.0
0.0   0.0   0.0
0.0   0.0   0.0
0.0   0.0   0.0
0.0   0.0   0.0
0.0   0.0   0.0
0.0   0.0   0.0
0.0   0.0   0.0
0.0   0.0   0.0
0.0   0.0   0.0
0.0   0.0   0.0
0.0   0.0   0.0
0.0   0.0   0.0
0.0   0.0   0.0
0.0   0.0   0.0
0.0   0.0   0.0
0.0   0.0   0.0
0.0   0.0   0.0
0.0   0.0   0.0
0.0   0.0   0.0
0.0   0.0   0.0
0.0   0.0   0.0
0.0   0.0   0.0
0.0   0.0   0.0
0.0   0.0   0.0
0.0   0.0   0.0
0.0   0.0   0.0
0.0   0.0   0.0
0.0   0.0   0.0
0.0   0.0   0.0
0.0   0.0   0.0
0.0   0.0   0.0
0.0   0.0   0.0
0.0   0.0   0.0
0.0   0.0   0.0
0.0   0.0   0.0
0.0   0.0   0.0
0.0   0.0   0.0
0.0   0.0   0.0
0.0   0.0   0.0
0.0   0.0   0.0
0.0   0.0   0.0
0.0   0.0   0.0
0.0   0.0   0.0
0.0   0.0   0.0
0.0   0.0   0.0
0.0   0.0   0.0
0.0   0.0   0.0
0.0   0.0   0.0
0.0   0.0   0.0
0.0   0.0   0.0
0.0   0.0   0.0
10	72
0.0   0.0   0.0
0.0   0.0   0.0
0.0   0.0   0.0
0.0   0.0   0.0
0.0   0.0   0.0
0.0   0.0   0.0
0.0   0.0   0.0
0.0   0.0   0.0
0.0   0.0   0.0
0.0   0.0   0.0
0.0   0.0   0.0
0.0   0.0   0.0
0.0   0.0   0.0
0.0   0.0   0.0
0.0   0.0   0.0
0.0   0.0   0.0
0.0   0.0   0.0
0.0   0.0   0.0
0.0   0.0   0.0
0.0   0.0   0.0
0.0   0.0   0.0
0.0   0.0   0.0
0.0   0.0   0.0
0.0   0.0   0.0
0.0   0.0   0.0
0.0   0.0   0.0
0.0   0.0   0.0
0.0   0.0   0.0
0.0   0.0   0.0
0.0   0.0   0.0
0.0   0.0   0.0
0.0   0.0   0.0
0.0   0.0   0.0
0.0   0.0   0.0
0.0   0.0   0.0
0.0   0.0   0.0
0.0   0.0   0.0
0.0   0.0   0.0
0.0   0.0   0.0
0.0   0.0   0.0
0.0   0.0   0.0
0.0   0.0   0.0
0.0   0.0   0.0
0.0   0.0   0.0
0.0   0.0   0.0
0.0   0.0   0.0
0.0   0.0   0.0
0.0   0.0   0.0
0.0   0.0   0.0
0.0   0.0   0.0
0.0   0.0   0.0
0.0   0.0   0.0
0.0   0.0   0.0
0.0   0.0   0.0
0.0   0.0   0.0
0.0   0.0   0.0
0.0   0.0   0.0
0.0   0.0   0.0
0.0   0.0   0.0
0.0   0.0   0.0
0.0   0.0   0.0
0.0   0.0   0.0
0.0   0.0   0.0
0.0   0.0   0.0
0.0   0.0   0.0
0.0   0.0   0.0
0.0   0.0   0.0
0.0   0.0   0.0
0.0   0.0   0.0
0.0   0.0   0.0
0.0   0.0   0.0
0.0   0.0   0.0
11	53
0.0   0.0   0.0
0.0   0.0   0.0
0.0   0.0   0.0
0.0   0.0   0.0
0.0   0.0   0.0
0.0   0.0   0.0
0.0   0.0   0.0
0.0   0.0   0.0
0.0   0.0   0.0
0.0   0.0   0.0
0.0   0.0   0.0
0.0   0.0   0.0
0.0   0.0   0.0
0.0   0.0   0.0
0.0   0.0   0.0
0.0   0.0   0.0
0.0   0.0   0.0
0.0   0.0   0.0
0.0   0.0   0.0
0.0   0.0   0.0
0.0   0.0   0.0
0.0   0.0   0.0
0.0   0.0   0.0
0.0   0.0   0.0
0.0   0.0   0.0
0.0   0.0   0.0
0.0   0.0   0.0
0.0   0.0   0.0
0.0   0.0   0.0
0.0   0.0   0.0
0.0   0.0   0.0
0.0   0.0   0.0
0.0   0.0   0.0
0.0   0.0   0.0
0.0   0.0   0.0
0.0   0.0   0.0
0.0   0.0   0.0
0.0   0.0   0.0
0.0   0.0   0.0
0.0   0.0   0.0
0.0   0.0   0.0
0.0   0.0   0.0
0.0   0.0   0.0
0.0   0.0   0.0
0.0   0.0   0.0
0.0   0.0   0.0
0.0   0.0   0.0
0.0   0.0   0.0
0.0   0.0   0.0
0.0   0.0   0.0
0.0   0.0   0.0
0.0   0.0   0.0
0.0   0.0   0.0
12	125
0.0   0.0   0.0
0.0   0.0   0.0
0.0   0.0   0.0
0.0   0.0   0.0
0.0   0.0   0.0
0.0   0.0   0.0
0.0   0.0   0.0
0.0   0.0   0.0
0.0   0.0   0.0
0.0   0.0   0.0
0.0   0.0   0.0
0.0   0.0   0.0
0.0   0.0   0.0
0.0   0.0   0.0
0.0   0.0   0.0
0.0   0.0   0.0
0.0   0.0   0.0
0.0   0.0   0.0
0.0   0.0   0.0
0.0   0.0   0.0
0.0   0.0   0.0
0.0   0.0   0.0
0.0   0.0   0.0
0.0   0.0   0.0
0.0   0.0   0.0
0.0   0.0   0.0
0.0   0.0   0.0
0.0   0.0   0.0
0.0   0.0   0.0
0.0   0.0   0.0
0.0   0.0   0.0
0.0   0.0   0.0
0.0   0.0   0.0
0.0   0.0   0.0
0.0   0.0   0.0
0.0   0.0   0.0
0.0   0.0   0.0
0.0   0.0   0.0
0.0   0.0   0.0
0.0   0.0   0.0
0.0   0.0   0.0
0.0   0.0   0.0
0.0   0.0   0.0
0.0   0.0   0.0
0.0   0.0   0.0
0.0   0.0   0.0
0.0   0.0   0.0
0.0   0.0   0.0
0.0   0.0   0.0
0.0   0.0   0.0
0.0   0.0   0.0
0.0   0.0   0.0
0.0   0.0   0.0
0.0   0.0   0.0
0.0   0.0   0.0
0.0   0.0   0.0
0.0   0.0   0.0
0.0   0.0   0.0
0.0   0.0   0.0
0.0   0.0   0.0
0.0   0.0   0.0
0.0   0.0   0.0
0.0   0.0   0.0
0.0   0.0   0.0
0.0   0.0   0.0
0.0   0.0   0.0
0.0   0.0   0.0
0.0   0.0   0.0
0.0   0.0   0.0
0.0   0.0   0.0
0.0   0.0   0.0
0.0   0.0   0.0
0.0   0.0   0.0
0.0   0.0   0.0
0.0   0.0   0.0
0.0   0.0   0.0
0.0   0.0   0.0
0.0   0.0   0.0
0.0   0.0   0.0
0.0   0.0   0.0
0.0   0.0   0.0
0.0   0.0   0.0
0.0   0.0   0.0
0.0   0.0   0.0
0.0   0.0   0.0
0.0   0.0   0.0
0.0   0.0   0.0
0.0   0.0   0.0
0.0   0.0   0.0
0.0   0.0   0.0
0.0   0.0   0.0
0.0   0.0   0.0
0.0   0.0   0.0
0.0   0.0   0.0
0.0   0.0   0.0
0.0   0.0   0.0
0.0   0.0   0.0
0.0   0.0   0.0
0.0   0.0   0.0
0.0   0.0   0.0
0.0   0.0   0.0
0.0   0.0   0.0
0.0   0.0   0.0
0.0   0.0   0.0
0.0   0.0   0.0
0.0   0.0   0.0
0.0   0.0   0.0
0.0   0.0   0.0
0.0   0.0   0.0
0.0   0.0   0.0
0.0   0.0   0.0
0.0   0.0   0.0
0.0   0.0   0.0
0.0   0.0   0.0
0.0   0.0   0.0
0.0   0.0   0.0
0.0   0.0   0.0
0.0   0.0   0.0
0.0   0.0   0.0
0.0   0.0   0.0
0.0   0.0   0.0
0.0   0.0   0.0
0.0   0.0   0.0
0.0   0.0   0.0
0.0   0.0   0.0
13	67
5.0e-7   0.0   0.0
5.0e-7   0.0   0.0
5.0e-7   0.0   0.0
5.0e-7   0.0   0.0
5.0e-7   0.0   0.0
5.0e-7   0.0   0.0
5.0e-7   0.0   0.0
5.0e-7   0.0   0.0
5.0e-7   0.0   0.0
5.0e-7   0.0   0.0
5.0e-7   0.0   0.0
5.0e-7   0.0   0.0
5.0e-7   0.0   0.0
5.0e-7   0.0   0.0
5.0e-7   0.0   0.0
5.0e-7   0.0   0.0
5.0e-7   0.0   0.0
5.0e-7   0.0   0.0
5.0e-7   0.0   0.0
5.0e-7   0.0   0.0
5.0e-7   0.0   0.0
5.0e-7   0.0   0.0
5.0e-7   0.0   0.0
5.0e-7   0.0   0.0
5.0e-7   0.0   0.0
5.0e-7   0.0   0.0
5.0e-7   0.0   0.0
5.0e-7   0.0   0.0
5.0e-7   0.0   0.0
5.0e-7   0.0   0.0
5.0e-7   0.0   0.0
5.0e-7   0.0   0.0
5.0e-7   0.0   0.0
5.0e-7   0.0   0.0
5.0e-7   0.0   0.0
5.0e-7   0.0   0.0
5.0e-7   0.0   0.0
5.0e-7   0.0   0.0
5.0e-7   0.0   0.0
5.0e-7   0.0   0.0
5.0e-7   0.0   0.0
5.0e-7   0.0   0.0
5.0e-7   0.0   0.0
5.0e-7   0.0   0.0
5.0e-7   0.0   0.0
5.0e-7   0.0   0.0
5.0e-7   0.0   0.0
5.0e-7   0.0   0.0
5.0e-7   0.0   0.0
5.0e-7   0.0   0.0
5.0e-7   0.0   0.0
5.0e-7   0.0   0.0
5.0e-7   0.0   0.0
5.0e-7   0.0   0.0
5.0e-7   0.0   0.0
5.0e-7   0.0   0.0
5.0e-7   0.0   0.0
5.0e-7   0.0   0.0
5.0e-7   0.0   0.0
5.0e-7   0.0   0.0
5.0e-7   0.0   0.0
5.0e-7   0.0   0.0
5.0e-7   0.0   0.0
5.0e-7   0.0   0.0
5.0e-7   0.0   0.0
5.0e-7   0.0   0.0
5.0e-7   0.0   0.0
14	14
0.0   0.0   0.0
0.0   0.0   0.0
0.0   0.0   0.0
0.0   0.0   0.0
0.0   0.0   0.0
0.0   0.0   0.0
0.0   0.0   0.0
0.0   0.0   0.0
0.0   0.0   0.0
0.0   0.0   0.0
0.0   0.0   0.0
0.0   0.0   0.0
0.0   0.0   0.0
0.0   0.0   0.0
15	46
0.0   0.0   0.0
0.0   0.0   0.0
0.0   0.0   0.0
0.0   0.0   0.0
0.0   0.0   0.0
0.0   0.0   0.0
0.0   0.0   0.0
0.0   0.0   0.0
0.0   0.0   0.0
0.0   0.0   0.0
0.0   0.0   0.0
0.0   0.0   0.0
0.0   0.0   0.0
0.0   0.0   0.0
0.0   0.0   0.0
0.0   0.0   0.0
0.0   0.0   0.0
0.0   0.0   0.0
0.0   0.0   0.0
0.0   0.0   0.0
0.0   0.0   0.0
0.0   0.0   0.0
0.0   0.0   0.0
0.0   0.0   0.0
0.0   0.0   0.0
0.0   0.0   0.0
0.0   0.0   0.0
0.0   0.0   0.0
0.0   0.0   0.0
0.0   0.0   0.0
0.0   0.0   0.0
0.0   0.0   0.0
0.0   0.0   0.0
0.0   0.0   0.0
0.0   0.0   0.0
0.0   0.0   0.0
0.0   0.0   0.0
0.0   0.0   0.0
0.0   0.0   0.0
0.0   0.0   0.0
0.0   0.0   0.0
0.0   0.0   0.0
0.0   0.0   0.0
0.0   0.0   0.0
0.0   0.0   0.0
0.0   0.0   0.0
16	19
0.0   0.0   0.0
0.0   0.0   0.0
0.0   0.0   0.0
0.0   0.0   0.0
0.0   0.0   0.0
0.0   0.0   0.0
0.0   0.0   0.0
0.0   0.0   0.0
0.0   0.0   0.0
0.0   0.0   0.0
0.0   0.0   0.0
0.0   0.0   0.0
0.0   0.0   0.0
0.0   0.0   0.0
0.0   0.0   0.0
0.0   0.0   0.0
0.0   0.0   0.0
0.0   0.0   0.0
0.0   0.0   0.0
17	7
0.0   0.0   0.0
0.0   0.0   0.0
0.0   0.0   0.0
0.0   0.0   0.0
5.0e-7   0.0   0.0
5.0e-7   0.0   0.0
5.0e-7   0.0   0.0
18	137
0.0e-6   0.0   0.0
0.0e-6   0.0   0.0
0.0e-6   0.0   0.0
0.0e-6   0.0   0.0
0.0e-6   0.0   0.0
0.0e-6   0.0   0.0
0.0e-6   0.0   0.0
0.0e-6   0.0   0.0
0.0e-6   0.0   0.0
0.0e-6   0.0   0.0
0.0e-6   0.0   0.0
0.0e-6   0.0   0.0
0.0e-6   0.0   0.0
0.0e-6   0.0   0.0
0.0e-6   0.0   0.0
0.0e-6   0.0   0.0
0.0e-6   0.0   0.0
0.0e-6   0.0   0.0
0.0e-6   0.0   0.0
0.0e-6   0.0   0.0
0.0e-6   0.0   0.0
0.0e-6   0.0   0.0
0.0e-6   0.0   0.0
0.0e-6   0.0   0.0
0.0e-6   0.0   0.0
0.0e-6   0.0   0.0
0.0e-6   0.0   0.0
0.0e-6   0.0   0.0
0.0e-6   0.0   0.0
0.0e-6   0.0   0.0
0.0e-6   0.0   0.0
0.0e-6   0.0   0.0
0.0e-6   0.0   0.0
0.0e-6   0.0   0.0
0.0e-6   0.0   0.0
0.0e-6   0.0   0.0
0.0e-6   0.0   0.0
0.0e-6   0.0   0.0
0.0e-6   0.0   0.0
0.0e-6   0.0   0.0
0.0e-6   0.0   0.0
0.0e-6   0.0   0.0
0.0e-6   0.0   0.0
0.0e-6   0.0   0.0
0.0e-6   0.0   0.0
0.0e-6   0.0   0.0
0.0e-6   0.0   0.0
0.0e-6   0.0   0.0
0.0e-6   0.0   0.0
0.0e-6   0.0   0.0
0.0e-6   0.0   0.0
0.0e-6   0.0   0.0
0.0e-6   0.0   0.0
0.0e-6   0.0   0.0
0.0e-6   0.0   0.0
0.0e-6   0.0   0.0
0.0e-6   0.0   0.0
0.0e-6   0.0   0.0
0.0e-6   0.0   0.0
0.0e-6   0.0   0.0
0.0e-6   0.0   0.0
0.0e-6   0.0   0.0
0.0e-6   0.0   0.0
0.0e-6   0.0   0.0
0.0e-6   0.0   0.0
0.0e-6   0.0   0.0
0.0e-6   0.0   0.0
0.0e-6   0.0   0.0
0.0e-6   0.0   0.0
0.0e-6   0.0   0.0
0.0e-6   0.0   0.0
0.0e-6   0.0   0.0
0.0e-6   0.0   0.0
0.0e-6   0.0   0.0
0.0e-6   0.0   0.0
0.0e-6   0.0   0.0
0.0e-6   0.0   0.0
0.0e-6   0.0   0.0
0.0e-6   0.0   0.0
0.0e-6   0.0   0.0
0.0e-6   0.0   0.0
0.0e-6   0.0   0.0
0.0e-6   0.0   0.0
0.0e-6   0.0   0.0
0.0e-6   0.0   0.0
0.0e-6   0.0   0.0
0.0e-6   0.0   0.0
0.0e-6   0.0   0.0
0.0e-6   0.0   0.0
0.0e-6   0.0   0.0
0.0e-6   0.0   0.0
0.0e-6   0.0   0.0
0.0e-6   0.0   0.0
0.0e-6   0.0   0.0
0.0e-6   0.0   0.0
0.0e-6   0.0   0.0
0.0e-6   0.0   0.0
0.0e-6   0.0   0.0
0.0e-6   0.0   0.0
0.0e-6   0.0   0.0
0.0e-6   0.0   0.0
0.0e-6   0.0   0.0
0.0e-6   0.0   0.0
0.0e-6   0.0   0.0
0.0e-6   0.0   0.0
0.0e-6   0.0   0.0
0.0e-6   0.0   0.0
0.0e-6   0.0   0.0
0.0e-6   0.0   0.0
0.0e-6   0.0   0.0
0.0e-6   0.0   0.0
0.0e-6   0.0   0.0
0.0e-6   0.0   0.0
0.0e-6   0.0   0.0
0.0e-6   0.0   0.0
0.0e-6   0.0   0.0
0.0e-6   0.0   0.0
0.0e-6   0.0   0.0
0.0e-6   0.0   0.0
0.0e-6   0.0   0.0
0.0e-6   0.0   0.0
0.0e-6   0.0   0.0
0.0e-6   0.0   0.0
0.0e-6   0.0   0.0
0.0e-6   0.0   0.0
0.0e-6   0.0   0.0
0.0e-6   0.0   0.0
0.0e-6   0.0   0.0
0.0e-6   0.0   0.0
0.0e-6   0.0   0.0
0.0e-6   0.0   0.0
0.0e-6   0.0   0.0
0.0e-6   0.0   0.0
0.0e-6   0.0   0.0
0.0e-6   0.0   0.0
0.0e-6   0.0   0.0
0.0e-6   0.0   0.0
19	27
5.0e-7   0.0   0.0
5.0e-7   0.0   0.0
5.0e-7   0.0   0.0
5.0e-7   0.0   0.0
5.0e-7   0.0   0.0
5.0e-7   0.0   0.0
5.0e-7   0.0   0.0
5.0e-7   0.0   0.0
5.0e-7   0.0   0.0
5.0e-7   0.0   0.0
5.0e-7   0.0   0.0
5.0e-7   0.0   0.0
5.0e-7   0.0   0.0
5.0e-7   0.0   0.0
5.0e-7   0.0   0.0
5.0e-7   0.0   0.0
5.0e-7   0.0   0.0
5.0e-7   0.0   0.0
5.0e-7   0.0   0.0
5.0e-7   0.0   0.0
5.0e-7   0.0   0.0
5.0e-7   0.0   0.0
5.0e-7   0.0   0.0
5.0e-7   0.0   0.0
5.0e-7   0.0   0.0
5.0e-7   0.0   0.0
5.0e-7   0.0   0.0
20	26
5.0e-7   0.0   0.0
5.0e-7   0.0   0.0
5.0e-7   0.0   0.0
5.0e-7   0.0   0.0
5.0e-7   0.0   0.0
5.0e-7   0.0   0.0
5.0e-7   0.0   0.0
5.0e-7   0.0   0.0
5.0e-7   0.0   0.0
5.0e-7   0.0   0.0
5.0e-7   0.0   0.0
5.0e-7   0.0   0.0
5.0e-7   0.0   0.0
5.0e-7   0.0   0.0
5.0e-7   0.0   0.0
5.0e-7   0.0   0.0
5.0e-7   0.0   0.0
5.0e-7   0.0   0.0
5.0e-7   0.0   0.0
5.0e-7   0.0   0.0
5.0e-7   0.0   0.0
5.0e-7   0.0   0.0
5.0e-7   0.0   0.0
5.0e-7   0.0   0.0
5.0e-7   0.0   0.0
5.0e-7   0.0   0.0
21	112
0.0e-6   0.0   0.0
0.0e-6   0.0   0.0
0.0e-6   0.0   0.0
0.0e-6   0.0   0.0
0.0e-6   0.0   0.0
0.0e-6   0.0   0.0
0.0e-6   0.0   0.0
0.0e-6   0.0   0.0
0.0e-6   0.0   0.0
0.0e-6   0.0   0.0
0.0e-6   0.0   0.0
0.0e-6   0.0   0.0
0.0e-6   0.0   0.0
0.0e-6   0.0   0.0
0.0e-6   0.0   0.0
0.0e-6   0.0   0.0
0.0e-6   0.0   0.0
0.0e-6   0.0   0.0
0.0e-6   0.0   0.0
0.0e-6   0.0   0.0
0.0e-6   0.0   0.0
0.0e-6   0.0   0.0
0.0e-6   0.0   0.0
0.0e-6   0.0   0.0
0.0e-6   0.0   0.0
0.0e-6   0.0   0.0
0.0e-6   0.0   0.0
0.0e-6   0.0   0.0
0.0e-6   0.0   0.0
0.0e-6   0.0   0.0
0.0e-6   0.0   0.0
0.0e-6   0.0   0.0
0.0e-6   0.0   0.0
0.0e-6   0.0   0.0
0.0e-6   0.0   0.0
0.0e-6   0.0   0.0
0.0e-6   0.0   0.0
0.0e-6   0.0   0.0
0.0e-6   0.0   0.0
0.0e-6   0.0   0.0
0.0e-6   0.0   0.0
0.0e-6   0.0   0.0
0.0e-6   0.0   0.0
0.0e-6   0.0   0.0
0.0e-6   0.0   0.0
0.0e-6   0.0   0.0
0.0e-6   0.0   0.0
0.0e-6   0.0   0.0
0.0e-6   0.0   0.0
0.0e-6   0.0   0.0
0.0e-6   0.0   0.0
0.0e-6   0.0   0.0
0.0e-6   0.0   0.0
0.0e-6   0.0   0.0
0.0e-6   0.0   0.0
0.0e-6   0.0   0.0
0.0e-6   0.0   0.0
0.0e-6   0.0   0.0
0.0e-6   0.0   0.0
0.0e-6   0.0   0.0
0.0e-6   0.0   0.0
0.0e-6   0.0   0.0
0.0e-6   0.0   0.0
0.0e-6   0.0   0.0
0.0e-6   0.0   0.0
0.0e-6   0.0   0.0
0.0e-6   0.0   0.0
0.0e-6   0.0   0.0
0.0e-6   0.0   0.0
0.0e-6   0.0   0.0
0.0e-6   0.0   0.0
0.0e-6   0.0   0.0
0.0e-6   0.0   0.0
0.0e-6   0.0   0.0
0.0e-6   0.0   0.0
0.0e-6   0.0   0.0
0.0e-6   0.0   0.0
0.0e-6   0.0   0.0
0.0e-6   0.0   0.0
0.0e-6   0.0   0.0
0.0e-6   0.0   0.0
0.0e-6   0.0   0.0
0.0e-6   0.0   0.0
0.0e-6   0.0   0.0
0.0e-6   0.0   0.0
0.0e-6   0.0   0.0
0.0e-6   0.0   0.0
0.0e-6   0.0   0.0
0.0e-6   0.0   0.0
0.0e-6   0.0   0.0
0.0e-6   0.0   0.0
0.0e-6   0.0   0.0
0.0e-6   0.0   0.0
0.0e-6   0.0   0.0
0.0e-6   0.0   0.0
0.0e-6   0.0   0.0
0.0e-6   0.0   0.0
0.0e-6   0.0   0.0
0.0e-6   0.0   0.0
0.0e-6   0.0   0.0
0.0e-6   0.0   0.0
0.0e-6   0.0   0.0
0.0e-6   0.0   0.0
0.0e-6   0.0   0.0
0.0e-6   0.0   0.0
0.0e-6   0.0   0.0
0.0e-6   0.0   0.0
0.0e-6   0.0   0.0
0.0e-6   0.0   0.0
0.0e-6   0.0   0.0
0.0e-6   0.0   0.0
0.0e-6   0.0   0.0
22	41
5.0e-7   0.0   0.0
5.0e-7   0.0   0.0
5.0e-7   0.0   0.0
5.0e-7   0.0   0.0
5.0e-7   0.0   0.0
5.0e-7   0.0   0.0
5.0e-7   0.0   0.0
5.0e-7   0.0   0.0
5.0e-7   0.0   0.0
5.0e-7   0.0   0.0
5.0e-7   0.0   0.0
5.0e-7   0.0   0.0
5.0e-7   0.0   0.0
5.0e-7   0.0   0.0
5.0e-7   0.0   0.0
5.0e-7   0.0   0.0
5.0e-7   0.0   0.0
5.0e-7   0.0   0.0
5.0e-7   0.0   0.0
5.0e-7   0.0   0.0
5.0e-7   0.0   0.0
5.0e-7   0.0   0.0
5.0e-7   0.0   0.0
5.0e-7   0.0   0.0
5.0e-7   0.0   0.0
5.0e-7   0.0   0.0
5.0e-7   0.0   0.0
5.0e-7   0.0   0.0
5.0e-7   0.0   0.0
5.0e-7   0.0   0.0
5.0e-7   0.0   0.0
5.0e-7   0.0   0.0
5.0e-7   0.0   0.0
5.0e-7   0.0   0.0
5.0e-7   0.0   0.0
5.0e-7   0.0   0.0
5.0e-7   0.0   0.0
5.0e-7   0.0   0.0
5.0e-7   0.0   0.0
5.0e-7   0.0   0.0
5.0e-7   0.0   0.0
23	59
0.0e-6   0.0   0.0
0.0e-6   0.0   0.0
0.0e-6   0.0   0.0
0.0e-6   0.0   0.0
0.0e-6   0.0   0.0
0.0e-6   0.0   0.0
0.0e-6   0.0   0.0
0.0e-6   0.0   0.0
0.0e-6   0.0   0.0
0.0e-6   0.0   0.0
0.0e-6   0.0   0.0
0.0e-6   0.0   0.0
0.0e-6   0.0   0.0
0.0e-6   0.0   0.0
0.0e-6   0.0   0.0
0.0e-6   0.0   0.0
0.0e-6   0.0   0.0
0.0e-6   0.0   0.0
0.0e-6   0.0   0.0
0.0e-6   0.0   0.0
0.0e-6   0.0   0.0
0.0e-6   0.0   0.0
0.0e-6   0.0   0.0
0.0e-6   0.0   0.0
0.0e-6   0.0   0.0
0.0e-6   0.0   0.0
0.0e-6   0.0   0.0
0.0e-6   0.0   0.0
0.0e-6   0.0   0.0
0.0e-6   0.0   0.0
0.0e-6   0.0   0.0
0.0e-6   0.0   0.0
0.0e-6   0.0   0.0
0.0e-6   0.0   0.0
0.0e-6   0.0   0.0
0.0e-6   0.0   0.0
0.0e-6   0.0   0.0
0.0e-6   0.0   0.0
0.0e-6   0.0   0.0
0.0e-6   0.0   0.0
0.0e-6   0.0   0.0
0.0e-6   0.0   0.0
0.0e-6   0.0   0.0
0.0e-6   0.0   0.0
0.0e-6   0.0   0.0
0.0e-6   0.0   0.0
0.0e-6   0.0   0.0
0.0e-6   0.0   0.0
0.0e-6   0.0   0.0
0.0e-6   0.0   0.0
0.0e-6   0.0   0.0
0.0e-6   0.0   0.0
0.0e-6   0.0   0.0
0.0e-6   0.0   0.0
0.0e-6   0.0   0.0
0.0e-6   0.0   0.0
0.0e-6   0.0   0.0
0.0e-6   0.0   0.0
0.0e-6   0.0   0.0
24	113
0.0   0.0   0.0
0.0   0.0   0.0
0.0   0.0   0.0
0.0   0.0   0.0
0.0   0.0   0.0
0.0   0.0   0.0
0.0   0.0   0.0
0.0   0.0   0.0
0.0   0.0   0.0
0.0   0.0   0.0
0.0e-6   0.0   0.0
0.0e-6   0.0   0.0
0.0e-6   0.0   0.0
0.0e-6   0.0   0.0
0.0e-6   0.0   0.0
0.0e-6   0.0   0.0
0.0e-6   0.0   0.0
0.0e-6   0.0   0.0
0.0e-6   0.0   0.0
0.0e-6   0.0   0.0
0.0e-6   0.0   0.0
0.0e-6   0.0   0.0
0.0e-6   0.0   0.0
0.0e-6   0.0   0.0
0.0e-6   0.0   0.0
0.0e-6   0.0   0.0
0.0e-6   0.0   0.0
0.0e-6   0.0   0.0
0.0e-6   0.0   0.0
0.0e-6   0.0   0.0
0.0e-6   0.0   0.0
0.0e-6   0.0   0.0
0.0e-6   0.0   0.0
0.0e-6   0.0   0.0
0.0e-6   0.0   0.0
0.0e-6   0.0   0.0
0.0e-6   0.0   0.0
0.0e-6   0.0   0.0
0.0e-6   0.0   0.0
0.0e-6   0.0   0.0
0.0e-6   0.0   0.0
0.0e-6   0.0   0.0
0.0e-6   0.0   0.0
0.0e-6   0.0   0.0
0.0e-6   0.0   0.0
0.0e-6   0.0   0.0
0.0e-6   0.0   0.0
0.0e-6   0.0   0.0
0.0e-6   0.0   0.0
0.0e-6   0.0   0.0
0.0e-6   0.0   0.0
0.0e-6   0.0   0.0
0.0e-6   0.0   0.0
0.0e-6   0.0   0.0
0.0e-6   0.0   0.0
0.0e-6   0.0   0.0
0.0e-6   0.0   0.0
0.0e-6   0.0   0.0
0.0e-6   0.0   0.0
0.0e-6   0.0   0.0
0.0e-6   0.0   0.0
0.0e-6   0.0   0.0
0.0e-6   0.0   0.0
0.0e-6   0.0   0.0
0.0e-6   0.0   0.0
0.0e-6   0.0   0.0
0.0e-6   0.0   0.0
0.0e-6   0.0   0.0
0.0e-6   0.0   0.0
0.0e-6   0.0   0.0
0.0e-6   0.0   0.0
0.0e-6   0.0   0.0
0.0e-6   0.0   0.0
0.0e-6   0.0   0.0
0.0e-6   0.0   0.0
0.0e-6   0.0   0.0
0.0e-6   0.0   0.0
0.0e-6   0.0   0.0
0.0e-6   0.0   0.0
0.0e-6   0.0   0.0
0.0e-6   0.0   0.0
0.0e-6   0.0   0.0
0.0e-6   0.0   0.0
0.0e-6   0.0   0.0
0.0e-6   0.0   0.0
0.0e-6   0.0   0.0
0.0e-6   0.0   0.0
0.0e-6   0.0   0.0
0.0e-6   0.0   0.0
0.0e-6   0.0   0.0
0.0e-6   0.0   0.0
0.0e-6   0.0   0.0
0.0e-6   0.0   0.0
0.0e-6   0.0   0.0
0.0e-6   0.0   0.0
0.0e-6   0.0   0.0
0.0e-6   0.0   0.0
0.0e-6   0.0   0.0
0.0e-6   0.0   0.0
0.0e-6   0.0   0.0
0.0e-6   0.0   0.0
0.0e-6   0.0   0.0
0.0e-6   0.0   0.0
0.0e-6   0.0   0.0
0.0e-6   0.0   0.0
0.0e-6   0.0   0.0
0.0e-6   0.0   0.0
0.0e-6   0.0   0.0
0.0e-6   0.0   0.0
0.0e-6   0.0   0.0
0.0e-6   0.0   0.0
0.0e-6   0.0   0.0
0.0e-6   0.0   0.0
25	23
0.0e-6   0.0   0.0
0.0e-6   0.0   0.0
0.0e-6   0.0   0.0
0.0e-6   0.0   0.0
0.0e-6   0.0   0.0
0.0e-6   0.0   0.0
0.0e-6   0.0   0.0
0.0e-6   0.0   0.0
0.0e-6   0.0   0.0
0.0e-6   0.0   0.0
0.0e-6   0.0   0.0
0.0e-6   0.0   0.0
0.0e-6   0.0   0.0
0.0e-6   0.0   0.0
0.0e-6   0.0   0.0
0.0e-6   0.0   0.0
0.0e-6   0.0   0.0
0.0e-6   0.0   0.0
0.0e-6   0.0   0.0
0.0e-6   0.0   0.0
0.0e-6   0.0   0.0
0.0e-6   0.0   0.0
0.0e-6   0.0   0.0
