California Gulch: Initial Channel Water Depth (m) - June 2003 Storm
CHANLINKS	25
1	149
0.000000
0.000000
0.000000
0.000000
0.000000
0.000000
0.000000
0.000000
0.000000
0.000000
0.000000
0.000000
0.000000
0.000000
0.000000
0.000000
0.000000
0.000000
0.000000
0.000000
0.000000
0.000000
0.000000
0.000000
0.000000
0.000000
0.000000
0.000000
0.000000
0.000000
0.000000
0.000000
0.000000
0.000000
0.000000
0.000000
0.000000
0.000000
0.000000
0.000000
0.000000
0.000000
0.000000
0.000000
0.000000
0.000000
0.000000
0.000000
0.000000
0.000000
0.000000
0.000000
0.000000
0.000000
0.000000
0.000000
0.000000
0.000000
0.000000
0.000000
0.000000
0.000000
0.000000
0.000000
0.000000
0.000000
0.000000
0.000000
0.000000
0.000000
0.000000
0.000000
0.000000
0.000000
0.000000
0.000000
0.000000
0.000000
0.000000
0.000000
0.000000
0.000000
0.000000
0.000000
0.000000
0.000000
0.000000
0.000000
0.000000
0.000000
0.000000
0.000000
0.000000
0.000000
0.000000
0.000000
0.000000
0.000000
0.000000
0.000000
0.000000
0.000000
0.000000
0.000000
0.000000
0.000000
0.000000
0.000000
0.000000
0.000000
0.000000
0.000000
0.000000
0.000000
0.000000
0.000000
0.000000
0.000000
0.000000
0.000000
0.000000
0.000000
0.000000
0.000000
0.000000
0.000000
0.000000
0.000000
0.000000
0.000000
0.000000
0.000000
0.000000
0.000000
0.000000
0.000000
0.000000
0.000000
0.000000
0.000000
0.000000
0.000000
0.000000
0.000000
0.232539
0.458596
0.479411
0.634970
0.647680
2	43
0.000000
0.000000
0.000000
0.000000
0.000000
0.000000
0.000000
0.000000
0.000000
0.000000
0.000000
0.000000
0.000000
0.000000
0.000000
0.000000
0.000000
0.000000
0.000000
0.000000
0.000000
0.000000
0.000000
0.000000
0.000000
0.000000
0.000000
0.000000
0.000000
0.000000
0.000000
0.000000
0.000000
0.000000
0.000000
0.000000
0.000000
0.000000
0.000000
0.000000
0.000000
0.000000
0.000000
3	29
0.000000
0.000000
0.000000
0.000000
0.000000
0.000000
0.000000
0.000000
0.000000
0.000000
0.000000
0.000000
0.000000
0.000000
0.000000
0.000000
0.000000
0.000000
0.000000
0.000000
0.000000
0.000000
0.000000
0.000000
0.000000
0.000000
0.000000
0.000000
0.000000
4	31
0.000000
0.000000
0.000000
0.000000
0.000000
0.000000
0.000000
0.000000
0.000000
0.000000
0.000000
0.000000
0.000000
0.000000
0.000000
0.000000
0.000000
0.000000
0.000000
0.000000
0.000000
0.000000
0.000000
0.000000
0.000000
0.000000
0.000000
0.000000
0.000000
0.000000
0.000000
5	15
0.000000
0.000000
0.000000
0.000000
0.000000
0.000000
0.000000
0.000000
0.000000
0.000000
0.000000
0.000000
0.000000
0.000000
0.000000
6	65
0.000000
0.000000
0.000000
0.000000
0.000000
0.000000
0.000000
0.000000
0.000000
0.000000
0.000000
0.000000
0.000000
0.000000
0.000000
0.000000
0.000000
0.000000
0.000000
0.000000
0.000000
0.000000
0.000000
0.000000
0.000000
0.000000
0.000000
0.000000
0.000000
0.000000
0.000000
0.000000
0.000000
0.000000
0.000000
0.000000
0.000000
0.000000
0.000000
0.000000
0.000000
0.000000
0.000000
0.000000
0.000000
0.000000
0.000000
0.000000
0.000000
0.000000
0.000000
0.000000
0.000000
0.000000
0.000000
0.000000
0.000000
0.000000
0.000000
0.000000
0.000000
0.000000
0.000000
0.000000
0.000000
7	28
0.000000
0.000000
0.000000
0.000000
0.000000
0.000000
0.000000
0.000000
0.000000
0.000000
0.000000
0.000000
0.000000
0.000000
0.000000
0.000000
0.000000
0.000000
0.000000
0.000000
0.000000
0.000000
0.000000
0.000000
0.000000
0.000000
0.000000
0.000000
8	18
0.000000
0.000000
0.000000
0.000000
0.000000
0.000000
0.000000
0.000000
0.000000
0.000000
0.000000
0.000000
0.000000
0.000000
0.000000
0.000000
0.000000
0.000000
9	76
0.010149
0.009977
0.009849
0.009728
0.009669
0.009612
0.009585
0.009614
0.009787
0.009758
0.009728
0.009669
0.009669
0.009641
0.009644
0.010706
0.010663
0.010619
0.010619
0.010576
0.010534
0.010576
0.010548
0.013932
0.013077
0.012329
0.011423
0.010705
0.010078
0.009528
0.009067
0.008726
0.008434
0.008237
0.008085
0.007982
0.007944
0.007946
0.009159
0.009978
0.009849
0.009756
0.009613
0.009502
0.009450
0.009424
0.009428
0.011094
0.010990
0.010845
0.010662
0.010492
0.010411
0.010295
0.010222
0.010185
0.010185
0.010149
0.010372
0.010335
0.010576
0.010534
0.010453
0.010411
0.010333
0.010295
0.010296
0.010266
0.012421
0.012419
0.012420
0.012338
0.012453
0.016290
0.017411
0.013650
10	72
0.012016
0.011039
0.010331
0.009756
0.009322
0.008961
0.008690
0.008483
0.008325
0.008223
0.008181
0.008197
0.009531
0.009669
0.009669
0.009698
0.009672
0.010491
0.010147
0.009668
0.009226
0.008820
0.008483
0.008194
0.007994
0.007836
0.007746
0.007692
0.007703
0.008195
0.008218
0.014556
0.014556
0.014558
0.014708
0.013535
0.012496
0.011424
0.010616
0.009975
0.009423
0.009067
0.008763
0.008566
0.008451
0.008371
0.008372
0.008567
0.008567
0.008533
0.008550
0.008550
0.008536
0.010493
0.010577
0.030800
0.028988
0.022348
0.019259
0.016488
0.014368
0.012968
0.011804
0.010890
0.010293
0.009756
0.009398
0.009157
0.009003
0.008920
0.008934
0.015504
11	53
0.000000
0.000000
0.000000
0.000000
0.000000
0.000000
0.000000
0.000000
0.000000
0.000000
0.000000
0.000000
0.000000
0.000000
0.000000
0.000000
0.000000
0.000000
0.000000
0.000000
0.000000
0.000000
0.000000
0.000000
0.000000
0.000000
0.000000
0.000000
0.000000
0.000000
0.000000
0.000000
0.000000
0.000000
0.000000
0.000000
0.000000
0.000000
0.000000
0.000000
0.000000
0.000000
0.000000
0.000000
0.000000
0.000000
0.000000
0.000000
0.000000
0.000000
0.000000
0.000000
0.000000
12	125
0.000000
0.000000
0.000000
0.000000
0.000000
0.000000
0.000000
0.000000
0.000000
0.000000
0.000000
0.000000
0.000000
0.000000
0.000000
0.000000
0.000000
0.000000
0.000000
0.000000
0.000000
0.000000
0.000000
0.000000
0.000000
0.000000
0.000000
0.000000
0.000000
0.000000
0.000000
0.000000
0.000000
0.015534
0.015393
0.015395
0.015951
0.015993
0.016466
0.016556
0.015909
0.015257
0.014651
0.014209
0.013907
0.013777
0.013801
0.015002
0.014679
0.014282
0.013975
0.013713
0.013531
0.013454
0.013479
0.016850
0.016112
0.015357
0.014622
0.014020
0.013550
0.013159
0.012892
0.012676
0.012546
0.012461
0.012420
0.012428
0.018087
0.016601
0.015321
0.014257
0.013433
0.012876
0.012461
0.012223
0.012111
0.012112
0.012821
0.017632
0.016556
0.015567
0.014880
0.014410
0.014234
0.014234
0.014384
0.014414
0.015832
0.015717
0.015569
0.015359
0.015095
0.014823
0.014514
0.014233
0.013975
0.013776
0.013651
0.013611
0.013591
0.013672
0.013590
0.013491
0.013415
0.013339
0.013303
0.013305
0.014283
0.014267
0.017509
0.016416
0.015390
0.014541
0.013996
0.013610
0.013453
0.013472
0.013492
0.013493
0.014043
0.013997
0.013975
0.013950
0.013365
13	67
0.016659
0.016449
0.016306
0.016270
0.017682
0.021819
0.021817
0.022893
0.022446
0.022106
0.021625
0.021393
0.021093
0.020942
0.020810
0.023520
0.022982
0.022479
0.022007
0.021655
0.021483
0.021402
0.022525
0.022222
0.021739
0.021460
0.020939
0.020532
0.020292
0.019988
0.019693
0.019475
0.019198
0.018870
0.018506
0.018107
0.017782
0.017470
0.017174
0.016970
0.016809
0.016613
0.016494
0.016413
0.016306
0.018806
0.018576
0.018289
0.018194
0.018042
0.018328
0.017610
0.016881
0.016291
0.015839
0.015495
0.015305
0.015198
0.018249
0.017084
0.016105
0.015194
0.014537
0.014048
0.013731
0.013274
0.013242
14	14
0.034584
0.031628
0.027223
0.023060
0.020142
0.018137
0.016878
0.016010
0.015549
0.015340
0.015307
0.015660
0.015690
0.023711
15	46
0.000000
0.000000
0.000000
0.000000
0.000000
0.000000
0.000000
0.000000
0.000000
0.000000
0.000000
0.000000
0.000000
0.000000
0.000000
0.000000
0.000000
0.000000
0.000000
0.000000
0.000000
0.000000
0.000000
0.000000
0.000000
0.000000
0.000000
0.000000
0.000000
0.000000
0.000000
0.000000
0.000000
0.000000
0.000000
0.000000
0.000000
0.000000
0.000000
0.000000
0.000000
0.000000
0.000000
0.000000
0.000000
0.000000
16	19
0.021541
0.019337
0.017671
0.016583
0.015888
0.015587
0.015588
0.016173
0.024952
0.022909
0.022030
0.021424
0.021423
0.021120
0.019159
0.017672
0.016780
0.016445
0.016467
17	7
0.021140
0.020623
0.020047
0.019337
0.017735
0.016561
0.016036
18	137
0.000000
0.000000
0.000000
0.000000
0.000000
0.000000
0.000000
0.000000
0.000000
0.000000
0.000000
0.000000
0.000000
0.000000
0.000000
0.000000
0.000000
0.000000
0.000000
0.000000
0.000000
0.000000
0.000000
0.000000
0.000000
0.000000
0.000000
0.000000
0.000000
0.000000
0.000000
0.000000
0.000000
0.000000
0.000000
0.000000
0.000000
0.000000
0.000000
0.000000
0.000000
0.000000
0.000000
0.000000
0.000000
0.000000
0.000000
0.000000
0.000000
0.000000
0.000000
0.000000
0.000000
0.000000
0.000000
0.000000
0.000000
0.000000
0.000000
0.000000
0.000000
0.000000
0.000000
0.000000
0.000000
0.000000
0.000000
0.000000
0.000000
0.000000
0.000000
0.000000
0.000000
0.000000
0.000000
0.000000
0.000000
0.000000
0.000000
0.000000
0.000000
0.000000
0.000000
0.000000
0.000000
0.000000
0.000000
0.000000
0.000000
0.000000
0.000000
0.000000
0.000000
0.000000
0.000000
0.000000
0.000000
0.000000
0.000000
0.000000
0.000000
0.000000
0.000000
0.000000
0.000000
0.000000
0.000000
0.000000
0.000000
0.000000
0.000000
0.000000
0.000000
0.000000
0.000000
0.000000
0.000000
0.000000
0.000000
0.000000
0.000000
0.000000
0.000000
0.000000
0.000000
0.000000
0.000000
0.000000
0.000000
0.000000
0.000000
0.000000
0.000000
0.000000
0.000000
0.000000
0.000000
19	27
0.015812
0.017004
0.016737
0.016595
0.016327
0.016575
0.018285
0.017636
0.017117
0.016545
0.016151
0.015770
0.015533
0.015224
0.014986
0.014831
0.017777
0.016901
0.016104
0.015192
0.014389
0.013885
0.013398
0.013068
0.014544
0.246826
0.400047
20	26
0.017772
0.021188
0.020201
0.019629
0.019357
0.027593
0.025094
0.022063
0.020187
0.018467
0.017137
0.016141
0.015359
0.014850
0.014487
0.014192
0.013956
0.014204
0.013567
0.012928
0.012377
0.011664
0.010931
0.010392
0.010063
0.031728
21	112
0.000000
0.000000
0.000000
0.000000
0.000000
0.000000
0.000000
0.000000
0.000000
0.000000
0.000000
0.000000
0.000000
0.000000
0.000000
0.000000
0.000000
0.000000
0.000000
0.000000
0.000000
0.000000
0.000000
0.000000
0.000000
0.000000
0.000000
0.000000
0.000000
0.000000
0.000000
0.000000
0.000000
0.000000
0.000000
0.000000
0.000000
0.000000
0.000000
0.000000
0.000000
0.000000
0.000000
0.000000
0.000000
0.000000
0.000000
0.000000
0.000000
0.000000
0.000000
0.000000
0.000000
0.000000
0.000000
0.000000
0.000000
0.000000
0.000000
0.000000
0.000000
0.000000
0.000000
0.000000
0.000000
0.000000
0.000000
0.000000
0.000000
0.000000
0.000000
0.000000
0.000000
0.000000
0.000000
0.000000
0.000000
0.000000
0.000000
0.000000
0.000000
0.000000
0.000000
0.000000
0.000000
0.000000
0.000000
0.000000
0.000000
0.000000
0.000000
0.000000
0.000000
0.000000
0.000000
0.000000
0.000000
0.000000
0.000000
0.000000
0.000000
0.000000
0.000000
0.000000
0.000000
0.000000
0.000000
0.000000
0.000000
0.000000
0.000000
0.386697
22	41
0.006371
0.021376
0.018833
0.016062
0.014050
0.012108
0.010841
0.009515
0.008253
0.007255
0.006120
0.005174
0.004182
0.003268
0.002318
0.000964
0.000008
0.000000
0.000000
0.000000
0.000000
0.000000
0.000000
0.000000
0.000000
0.000000
0.000000
0.000000
0.000000
0.000000
0.000000
0.000000
0.000000
0.000000
0.000000
0.000000
0.000000
0.000000
0.000000
0.000000
0.000000
23	59
0.000000
0.000000
0.000000
0.000000
0.000000
0.000000
0.000000
0.000000
0.000000
0.000000
0.000000
0.000000
0.000000
0.000000
0.000000
0.000000
0.000000
0.000000
0.000000
0.000000
0.000000
0.000000
0.000000
0.000000
0.000000
0.000000
0.000000
0.000000
0.000000
0.000000
0.000000
0.000000
0.000000
0.000000
0.000000
0.000000
0.000000
0.000000
0.000000
0.000000
0.000000
0.000000
0.000000
0.000000
0.000000
0.000000
0.000000
0.000000
0.000000
0.000000
0.000000
0.000000
0.000000
0.000000
0.000000
0.000000
0.000000
0.000000
0.418636
24	113
0.096635
0.086947
0.084007
0.081437
0.080220
0.080461
0.084108
0.084105
0.084116
0.084142
0.085363
0.085585
0.104180
0.105181
0.122825
0.120366
0.116232
0.110518
0.106579
0.126359
0.120284
0.115293
0.112122
0.109663
0.108989
0.118478
0.366589
0.341143
0.315131
0.279899
0.246942
0.216719
0.194795
0.173952
0.160851
0.150826
0.142041
0.135795
0.131230
0.127910
0.126011
0.124291
0.123441
0.127702
0.192660
0.176076
0.161979
0.148356
0.139923
0.131907
0.127838
0.124830
0.123203
0.123213
0.123632
0.131279
0.128398
0.124183
0.121468
0.119445
0.117609
0.116894
0.120703
0.204033
0.196301
0.189542
0.183722
0.178653
0.174913
0.175956
0.181381
0.207983
0.188883
0.171021
0.154735
0.144847
0.135698
0.129739
0.125358
0.122621
0.122107
0.122112
0.132223
0.132413
0.135144
0.132713
0.129174
0.126536
0.123084
0.120950
0.119002
0.118074
0.117651
0.117862
0.132901
0.132071
0.129987
0.129182
0.126673
0.125417
0.123673
0.122049
0.120974
0.119488
0.118544
0.118074
0.117645
0.117739
0.120112
0.121727
0.154662
0.184314
0.181518
25	23
0.152150
0.149912
0.142416
0.136680
0.135342
0.134628
0.135630
0.159158
0.158792
0.165904
0.204317
0.207485
0.227374
0.272542
0.254623
0.232046
0.213749
0.206399
0.193922
0.190930
0.189068
0.191559
0.191559
